1 0.367000 1.099125 0.274781
2 0.588260 0.607561 0.151890
3 0.746772 0.506900 0.126725
4 0.932543 0.373976 0.093494
5 0.914292 0.405558 0.101389
6 0.914400 0.401084 0.100271
7 0.967937 0.372040 0.093010
8 0.924453 0.383889 0.095972
9 0.950624 0.370296 0.092574
10 0.964828 0.376381 0.094095
11 0.947810 0.375056 0.093764
12 0.956498 0.360262 0.090066
13 0.980211 0.369754 0.092439
14 0.907038 0.417672 0.104418
15 0.936042 0.359420 0.089855
16 0.992391 0.358835 0.089709
17 0.995374 0.352888 0.088222
18 0.978122 0.371948 0.092987
19 0.957010 0.351482 0.087871
20 0.909351 0.434933 0.108733
21 0.982834 0.362904 0.090726
22 0.982298 0.359661 0.089915
23 0.993036 0.342973 0.085743
24 1.003331 0.335315 0.083829
25 0.988210 0.343464 0.085866
26 0.983029 0.346837 0.086709
27 0.952670 0.355169 0.088792
28 1.002790 0.348873 0.087218
29 0.987712 0.356912 0.089228
30 0.998504 0.412916 0.103229
31 0.965101 0.355999 0.089000
32 0.980447 0.346717 0.086679
33 0.987929 0.386853 0.096713
34 0.974151 0.380191 0.095048
35 0.971268 0.382187 0.095547
36 0.983976 0.364707 0.091177
37 0.975275 0.373524 0.093381
38 1.020802 0.359660 0.089915
39 1.007285 0.358645 0.089661
40 0.998907 0.352233 0.088058
41 0.980056 0.381739 0.095435
42 0.971320 0.390242 0.097561
43 0.962122 0.386155 0.096539
44 1.009450 0.354139 0.088535
45 0.994410 0.363847 0.090962
46 0.988455 0.382656 0.095664
47 0.983750 0.348931 0.087233
48 1.010725 0.340776 0.085194
49 0.984422 0.364224 0.091056
50 1.007520 0.357745 0.089436
51 0.971861 0.371724 0.092931
52 0.972458 0.354450 0.088613
53 0.996487 0.377533 0.094383
54 0.973660 0.402690 0.100672
55 1.001942 0.385973 0.096493
56 0.963562 0.368627 0.092157
57 0.944611 0.389411 0.097353
58 0.958579 0.388672 0.097168
59 0.986780 0.360344 0.090086
60 0.995282 0.360352 0.090088
61 0.988990 0.372066 0.093017
62 0.975614 0.358051 0.089513
63 0.982391 0.363203 0.090801
64 0.979048 0.374868 0.093717
65 0.945472 0.369539 0.092385
66 0.980224 0.345394 0.086348
67 1.020797 0.358413 0.089603
68 0.984872 0.351844 0.087961
69 1.001857 0.356327 0.089082
70 0.980273 0.357051 0.089263
71 0.968520 0.358115 0.089529
72 0.986227 0.358668 0.089667
73 0.994792 0.370268 0.092567
74 1.005528 0.347529 0.086882
75 0.996903 0.382253 0.095563
76 0.987076 0.361646 0.090411
77 0.967248 0.375354 0.093838
78 0.990845 0.377918 0.094479
79 0.970227 0.386298 0.096575
80 0.959474 0.379060 0.094765
81 0.959285 0.374459 0.093615
82 0.970340 0.377232 0.094308
83 0.977542 0.365478 0.091369
84 1.001875 0.356547 0.089137
85 0.970867 0.353476 0.088369
86 0.988412 0.377325 0.094331
87 0.967357 0.389854 0.097464
88 0.968884 0.359528 0.089882
89 0.966806 0.381924 0.095481
90 0.991091 0.359831 0.089958
91 1.003305 0.346878 0.086719
92 0.961105 0.363571 0.090893
93 0.986466 0.364657 0.091164
94 0.994503 0.374097 0.093524
95 0.986319 0.403827 0.100957
96 1.000388 0.368727 0.092182
97 0.964820 0.361439 0.090360
98 0.994226 0.352857 0.088214
99 0.984016 0.388938 0.097234
100 0.977245 0.366280 0.091570
101 0.991914 0.364478 0.091120
102 0.996985 0.362534 0.090634
103 0.994768 0.358893 0.089723
104 1.002442 0.347677 0.086919
105 1.018999 0.343479 0.085870
106 0.992831 0.371396 0.092849
107 0.982540 0.367141 0.091785
108 1.016562 0.364306 0.091077
109 0.979243 0.362139 0.090535
110 0.954942 0.382510 0.095628
111 0.971816 0.383583 0.095896
112 0.968098 0.369578 0.092395
113 0.973127 0.391790 0.097947
114 0.998347 0.378541 0.094635
115 1.034878 0.353317 0.088329
116 0.972075 0.372348 0.093087
117 0.974438 0.366919 0.091730
118 0.969928 0.375614 0.093904
119 0.975720 0.366629 0.091657
120 0.988680 0.373949 0.093487
121 1.010612 0.360530 0.090133
122 0.981826 0.367595 0.091899
123 0.970968 0.374324 0.093581
124 1.000716 0.379353 0.094838
125 1.021228 0.359155 0.089789
126 1.014398 0.340537 0.085134
127 1.000430 0.348044 0.087011
128 0.973615 0.384330 0.096082
129 0.967256 0.390449 0.097612
130 0.984164 0.369961 0.092490
131 0.977067 0.367712 0.091928
132 0.986435 0.358323 0.089581
133 1.020984 0.366695 0.091674
134 1.014626 0.362019 0.090505
135 0.984522 0.358527 0.089632
136 0.980323 0.369576 0.092394
137 0.986097 0.356231 0.089058
138 0.972043 0.392402 0.098101
139 0.991906 0.357867 0.089467
140 0.991022 0.361931 0.090483
141 0.982881 0.405893 0.101473
142 1.005937 0.350534 0.087633
143 1.004619 0.370329 0.092582
144 0.983934 0.371533 0.092883
145 0.981055 0.360137 0.090034
146 0.968472 0.368221 0.092055
147 0.996520 0.369667 0.092417
148 1.042336 0.371381 0.092845
149 0.989705 0.400549 0.100137
150 0.985562 0.398066 0.099517
151 0.975746 0.383869 0.095967
152 0.984480 0.350742 0.087685
153 0.985062 0.384572 0.096143
154 0.971757 0.376754 0.094188
155 0.997698 0.366332 0.091583
156 0.989547 0.376195 0.094049
157 1.003149 0.351529 0.087882
158 0.998048 0.351967 0.087992
159 0.980332 0.362631 0.090658
160 0.984467 0.390530 0.097633
161 0.994725 0.361112 0.090278
162 1.003220 0.353880 0.088470
163 0.978359 0.361078 0.090270
164 1.000126 0.368236 0.092059
165 1.021838 0.334628 0.083657
166 0.978200 0.360285 0.090071
167 0.953916 0.383404 0.095851
168 0.979952 0.386952 0.096738
169 1.008399 0.357537 0.089384
170 1.020171 0.349670 0.087417
171 0.993909 0.370624 0.092656
172 0.990559 0.374521 0.093630
173 1.000489 0.349275 0.087319
174 0.975697 0.360844 0.090211
175 1.011474 0.357007 0.089252
176 0.996899 0.359023 0.089756
177 0.986031 0.396624 0.099156
178 0.988591 0.374028 0.093507
179 0.966495 0.390884 0.097721
180 0.981670 0.380008 0.095002
181 0.996117 0.367822 0.091956
182 0.983690 0.357574 0.089394
183 0.990369 0.378711 0.094678
184 0.976574 0.378275 0.094569
185 1.005558 0.370145 0.092536
186 0.990714 0.368063 0.092016
187 0.933805 0.394013 0.098503
188 0.952792 0.398614 0.099653
189 1.001537 0.375151 0.093788
190 0.994183 0.359892 0.089973
191 0.997506 0.368326 0.092081
192 0.990326 0.359679 0.089920
193 0.983444 0.372725 0.093181
194 0.955837 0.397135 0.099284
195 1.018406 0.365374 0.091343
196 1.008635 0.384684 0.096171
197 0.991546 0.367037 0.091759
198 1.000824 0.355289 0.088822
199 0.995702 0.367160 0.091790
200 0.982533 0.372991 0.093248
201 1.004786 0.362236 0.090559
202 1.004081 0.353044 0.088261
203 0.992544 0.350737 0.087684
204 0.980789 0.371575 0.092894
205 1.004417 0.364107 0.091027
206 0.969569 0.378013 0.094503
207 1.005696 0.347954 0.086989
208 0.983276 0.362451 0.090613
209 1.002546 0.354181 0.088545
210 1.017429 0.359238 0.089809
211 0.990964 0.375378 0.093844
212 0.987594 0.365301 0.091325
213 1.006793 0.368974 0.092243
214 1.002402 0.351487 0.087872
215 1.021455 0.347981 0.086995
216 1.000758 0.360824 0.090206
217 0.987270 0.378886 0.094722
218 1.020983 0.359607 0.089902
219 0.998693 0.352321 0.088080
220 0.981458 0.366626 0.091656
221 0.980207 0.357707 0.089427
222 0.955037 0.366486 0.091622
223 1.003699 0.371269 0.092817
224 1.005121 0.371287 0.092822
225 1.008478 0.368517 0.092129
226 0.989499 0.367048 0.091762
227 0.988914 0.364344 0.091086
228 1.012080 0.363445 0.090861
229 1.023739 0.348619 0.087155
230 0.992568 0.380466 0.095116
231 0.971145 0.384623 0.096156
232 0.996613 0.343679 0.085920
233 0.997956 0.378692 0.094673
234 1.000044 0.363052 0.090763
235 1.023614 0.388627 0.097157
236 1.002699 0.341645 0.085411
237 0.992584 0.356695 0.089174
238 1.005004 0.363855 0.090964
239 0.959775 0.373568 0.093392
240 0.964528 0.375788 0.093947
241 1.006914 0.349646 0.087411
242 0.996906 0.356971 0.089243
243 1.024636 0.335836 0.083959
244 1.014853 0.328971 0.082243
245 1.030711 0.322742 0.080686
246 1.008028 0.349931 0.087483
247 1.022974 0.344983 0.086246
248 1.023222 0.333757 0.083439
249 1.014839 0.344716 0.086179
250 1.002075 0.349427 0.087357
251 1.005858 0.330758 0.082690
252 1.012267 0.338710 0.084678
253 1.005184 0.387056 0.096764
254 0.990968 0.381144 0.095286
255 0.983566 0.374831 0.093708
256 0.992085 0.353789 0.088447
257 1.013309 0.347618 0.086904
258 0.992211 0.377431 0.094358
259 1.029530 0.345544 0.086386
260 1.006325 0.369831 0.092458
261 1.020974 0.351930 0.087982
262 1.010732 0.352439 0.088110
263 0.984897 0.357550 0.089388
264 0.997087 0.399688 0.099922
265 1.011631 0.347413 0.086853
266 1.015010 0.351175 0.087794
267 1.009550 0.355005 0.088751
268 1.048110 0.371750 0.092938
269 1.009325 0.397616 0.099404
270 0.994182 0.362712 0.090678
271 0.958317 0.405716 0.101429
272 0.995914 0.354918 0.088730
273 1.011384 0.353923 0.088481
274 1.018087 0.361161 0.090290
275 0.996232 0.360602 0.090150
276 1.024707 0.358721 0.089680
277 0.983785 0.347300 0.086825
278 0.987605 0.373428 0.093357
279 1.025862 0.380552 0.095138
280 1.016159 0.366133 0.091533
281 0.995207 0.355686 0.088921
282 1.014433 0.359569 0.089892
283 0.980677 0.365266 0.091317
284 1.007646 0.360314 0.090079
285 1.014562 0.365015 0.091254
286 1.009042 0.348902 0.087226
287 0.988471 0.404276 0.101069
288 1.004058 0.374025 0.093506
289 1.006648 0.351867 0.087967
290 0.996093 0.353735 0.088434
291 1.030119 0.350835 0.087709
292 1.006887 0.355425 0.088856
293 1.010286 0.348091 0.087023
294 1.012079 0.357949 0.089487
295 1.014650 0.402204 0.100551
296 1.006935 0.357563 0.089391
297 1.017813 0.348855 0.087214
298 1.042223 0.340914 0.085228
299 1.024977 0.349589 0.087397
300 1.010497 0.358604 0.089651
301 1.007410 0.343655 0.085914
302 1.052177 0.347095 0.086774
303 0.976563 0.390961 0.097740
304 1.039509 0.345506 0.086377
305 1.010973 0.359658 0.089915
306 1.013739 0.353186 0.088296
307 0.990636 0.357887 0.089472
308 1.026026 0.361789 0.090447
309 1.016969 0.357621 0.089405
310 1.021321 0.351659 0.087915
311 1.002725 0.385674 0.096419
312 1.013973 0.364629 0.091157
313 1.005576 0.366304 0.091576
314 1.030079 0.342100 0.085525
315 1.025393 0.340926 0.085231
316 1.011645 0.344697 0.086174
317 1.010047 0.360827 0.090207
318 1.005526 0.353946 0.088487
319 1.034355 0.341012 0.085253
320 1.022239 0.344044 0.086011
321 1.010724 0.349140 0.087285
322 1.016070 0.346097 0.086524
323 0.999503 0.348525 0.087131
324 1.016233 0.339996 0.084999
325 1.006985 0.354884 0.088721
326 1.018287 0.351022 0.087755
327 1.003353 0.356769 0.089192
328 1.002520 0.349613 0.087403
329 1.007679 0.347771 0.086943
330 1.042739 0.353039 0.088260
331 1.006056 0.369467 0.092367
332 1.042535 0.345917 0.086479
333 1.018609 0.337428 0.084357
334 1.009892 0.342526 0.085631
335 1.017028 0.351700 0.087925
336 1.032231 0.351010 0.087752
337 1.028214 0.350056 0.087514
338 1.024327 0.349675 0.087419
339 1.042327 0.338561 0.084640
340 1.006716 0.349009 0.087252
341 1.007860 0.365276 0.091319
342 1.022710 0.349590 0.087397
343 1.004884 0.369568 0.092392
344 1.003479 0.363733 0.090933
345 1.011892 0.359712 0.089928
346 1.013798 0.354817 0.088704
347 1.004632 0.379034 0.094759
348 1.028096 0.356129 0.089032
349 1.004678 0.360556 0.090139
350 1.028770 0.351338 0.087835
351 1.049546 0.355214 0.088803
352 1.035125 0.338136 0.084534
353 1.020069 0.355700 0.088925
354 1.035755 0.358697 0.089674
355 1.040576 0.355817 0.088954
356 1.026738 0.365890 0.091472
357 1.021247 0.346651 0.086663
358 1.014167 0.344704 0.086176
359 1.032541 0.334321 0.083580
360 1.034517 0.339430 0.084857
361 1.025467 0.341366 0.085342
362 1.038896 0.356739 0.089185
363 1.014708 0.350226 0.087556
364 1.009694 0.355004 0.088751
365 1.031572 0.342522 0.085630
366 1.007668 0.340109 0.085027
367 1.042175 0.335896 0.083974
368 1.023956 0.347659 0.086915
369 1.034412 0.335043 0.083761
370 1.027242 0.333023 0.083256
371 1.038419 0.331250 0.082812
372 1.015989 0.366668 0.091667
373 1.012550 0.360744 0.090186
374 1.022444 0.352990 0.088247
375 1.027104 0.342491 0.085623
376 1.023082 0.361551 0.090388
377 1.071166 0.329871 0.082468
378 1.032668 0.348881 0.087220
379 1.037613 0.341749 0.085437
380 1.015460 0.363134 0.090783
381 1.034281 0.364239 0.091060
382 1.018756 0.363014 0.090754
383 1.045850 0.341403 0.085351
384 1.025965 0.360386 0.090096
385 1.036504 0.357124 0.089281
386 0.999218 0.351000 0.087750
387 1.046936 0.343226 0.085807
388 1.018231 0.368969 0.092242
389 1.026783 0.364966 0.091242
390 1.068590 0.336908 0.084227
391 1.016395 0.366683 0.091671
392 1.018005 0.360956 0.090239
393 1.033056 0.356391 0.089098
394 0.987572 0.382824 0.095706
395 1.038943 0.344655 0.086164
396 1.045256 0.342793 0.085698
397 1.024946 0.342594 0.085648
398 1.033763 0.357029 0.089257
399 1.022063 0.363904 0.090976
400 1.039020 0.348000 0.087000
401 1.025342 0.355149 0.088787
402 1.061106 0.350678 0.087670
403 1.033254 0.346761 0.086690
404 1.018646 0.347616 0.086904
405 1.022057 0.349161 0.087290
406 1.029505 0.348268 0.087067
407 1.029388 0.356721 0.089180
408 1.074553 0.341675 0.085419
409 1.028368 0.380372 0.095093
410 0.986365 0.378390 0.094598
411 1.042551 0.338836 0.084709
412 1.013070 0.356318 0.089079
413 1.028373 0.350119 0.087530
414 1.019351 0.348240 0.087060
415 1.042957 0.344353 0.086088
416 1.051396 0.338930 0.084733
417 1.034237 0.350232 0.087558
418 1.034033 0.338324 0.084581
419 1.052233 0.352702 0.088176
420 1.037802 0.351025 0.087756
421 1.057050 0.342760 0.085690
422 1.035830 0.349023 0.087256
423 1.026752 0.343849 0.085962
424 1.078451 0.332174 0.083043
425 1.034330 0.352077 0.088019
426 1.032021 0.363316 0.090829
427 1.037422 0.342024 0.085506
428 1.031672 0.350621 0.087655
429 1.037341 0.365034 0.091259
430 1.040066 0.347677 0.086919
431 1.035594 0.392210 0.098052
432 1.034547 0.358358 0.089589
433 1.053014 0.344351 0.086088
434 1.044653 0.367098 0.091774
435 1.035856 0.367274 0.091819
436 1.035585 0.365157 0.091289
437 1.045781 0.355493 0.088873
438 1.033908 0.360222 0.090055
439 1.055958 0.334415 0.083604
440 1.046589 0.369138 0.092285
441 1.052959 0.345745 0.086436
442 0.979621 0.359419 0.089855
443 1.004556 0.359948 0.089987
444 0.978084 0.386347 0.096587
445 1.020598 0.373892 0.093473
446 1.028525 0.362488 0.090622
447 1.061738 0.372310 0.093078
448 1.009729 0.360222 0.090056
449 1.059424 0.345980 0.086495
450 1.021498 0.355436 0.088859
451 1.037041 0.353808 0.088452
452 1.049594 0.340799 0.085200
453 1.057177 0.340878 0.085219
454 1.066829 0.352912 0.088228
455 1.034122 0.348324 0.087081
456 1.043449 0.341930 0.085482
457 1.043364 0.359954 0.089988
458 1.023143 0.353652 0.088413
459 1.046276 0.347710 0.086928
460 1.045400 0.355496 0.088874
461 1.023017 0.367362 0.091841
462 1.086510 0.330171 0.082543
463 1.076633 0.364972 0.091243
464 1.065539 0.355439 0.088860
465 1.047165 0.338544 0.084636
466 1.032817 0.349814 0.087454
467 1.055419 0.344247 0.086062
468 1.165365 0.317579 0.079395
469 1.106743 0.337969 0.084492
470 1.109103 0.367122 0.091780
471 1.164697 0.328800 0.082200
472 1.090708 0.339628 0.084907
473 1.026992 0.340557 0.085139
474 1.072169 0.343215 0.085804
475 1.036436 0.382987 0.095747
476 1.063436 0.340055 0.085014
477 1.015118 0.373160 0.093290
478 1.018783 0.370786 0.092696
479 1.056515 0.355893 0.088973
480 1.052852 0.346146 0.086536
481 1.054018 0.345340 0.086335
482 1.036268 0.346574 0.086644
483 1.044300 0.339736 0.084934
484 1.053079 0.343255 0.085814
485 1.064622 0.343144 0.085786
486 1.037327 0.352415 0.088104
487 1.007034 0.366406 0.091601
488 1.056649 0.336793 0.084198
489 1.045028 0.352502 0.088125
490 1.047739 0.359639 0.089910
491 1.068485 0.350788 0.087697
492 1.058938 0.348010 0.087002
493 1.033527 0.358033 0.089508
494 1.063985 0.353638 0.088409
495 1.052427 0.357704 0.089426
496 1.036972 0.360942 0.090236
497 1.053628 0.355756 0.088939
498 1.039835 0.359672 0.089918
499 1.053889 0.338395 0.084599
500 1.059196 0.344290 0.086073
501 1.053985 0.347372 0.086843
502 1.081636 0.336216 0.084054
503 1.063738 0.353704 0.088426
504 1.066802 0.348116 0.087029
505 1.047226 0.329327 0.082332
506 1.062427 0.362042 0.090510
507 1.049997 0.341139 0.085285
508 1.067601 0.328577 0.082144
509 1.059524 0.387351 0.096838
510 1.043648 0.362901 0.090725
511 1.030685 0.357131 0.089283
512 1.036031 0.362511 0.090628
513 1.040251 0.360891 0.090223
514 1.014636 0.383492 0.095873
515 1.065269 0.334812 0.083703
516 1.037354 0.364047 0.091012
517 1.070026 0.326744 0.081686
518 1.021560 0.374157 0.093539
519 1.068552 0.375171 0.093793
520 1.066997 0.381002 0.095251
521 1.076793 0.352218 0.088055
522 1.028455 0.363424 0.090856
523 1.036862 0.354524 0.088631
524 1.029227 0.364281 0.091070
525 1.024892 0.406544 0.101636
526 1.026333 0.353319 0.088330
527 1.066241 0.344445 0.086111
528 1.041018 0.345303 0.086326
529 1.044861 0.347529 0.086882
530 1.066340 0.340121 0.085030
531 1.062760 0.346396 0.086599
532 1.046633 0.342342 0.085585
533 1.059355 0.348212 0.087053
534 1.098962 0.334777 0.083694
535 1.066738 0.347805 0.086951
536 1.168660 0.334296 0.083574
537 1.037629 0.390765 0.097691
538 1.066377 0.344627 0.086157
539 1.069619 0.349821 0.087455
540 1.052691 0.338160 0.084540
541 1.048446 0.340304 0.085076
542 1.079380 0.334327 0.083582
543 1.053608 0.358284 0.089571
544 1.051931 0.339192 0.084798
545 1.093180 0.335527 0.083882
546 1.053627 0.356444 0.089111
547 1.098428 0.353718 0.088430
548 1.070442 0.329754 0.082438
549 1.055550 0.343687 0.085922
550 1.079875 0.344294 0.086073
551 1.087716 0.335201 0.083800
552 1.062538 0.341005 0.085251
553 1.059494 0.345791 0.086448
554 1.058718 0.357495 0.089374
555 1.058202 0.344856 0.086214
556 1.077532 0.341762 0.085440
557 1.041432 0.371003 0.092751
558 1.086414 0.328696 0.082174
559 1.056431 0.357315 0.089329
560 1.048623 0.349834 0.087459
561 1.052768 0.339613 0.084903
562 1.059571 0.345730 0.086432
563 1.081479 0.331951 0.082988
564 1.080105 0.330796 0.082699
565 1.063850 0.352783 0.088196
566 1.053806 0.347852 0.086963
567 1.072990 0.325071 0.081268
568 1.098247 0.327563 0.081891
569 1.076708 0.333273 0.083318
570 1.049337 0.337689 0.084422
571 1.070775 0.346654 0.086663
572 1.068817 0.343114 0.085778
573 1.099745 0.351878 0.087969
574 1.069110 0.331945 0.082986
575 1.050753 0.336747 0.084187
576 1.059392 0.350826 0.087706
577 1.047277 0.354390 0.088597
578 1.061021 0.338557 0.084639
579 1.097484 0.326377 0.081594
580 1.082327 0.348698 0.087174
581 1.087369 0.370970 0.092742
582 1.071593 0.353555 0.088389
583 1.090088 0.337339 0.084335
584 1.101611 0.338033 0.084508
585 1.018025 0.370051 0.092513
586 1.097133 0.333350 0.083337
587 1.091267 0.329076 0.082269
588 1.078738 0.345503 0.086376
589 1.085250 0.342825 0.085706
590 1.083984 0.342726 0.085682
591 1.095770 0.333346 0.083336
592 1.076746 0.342869 0.085717
593 1.051151 0.348036 0.087009
594 1.084887 0.334327 0.083582
595 1.067802 0.333061 0.083265
596 1.077081 0.363829 0.090957
597 1.101017 0.318730 0.079682
598 1.084536 0.328475 0.082119
599 1.069981 0.353303 0.088326
600 1.073088 0.337203 0.084301
601 1.088635 0.337595 0.084399
602 1.067706 0.351735 0.087934
603 1.108378 0.322344 0.080586
604 1.040692 0.345555 0.086389
605 1.051507 0.341199 0.085300
606 1.096620 0.326830 0.081707
607 1.071043 0.353825 0.088456
608 1.066990 0.362223 0.090556
609 1.131611 0.324091 0.081023
610 1.065741 0.345560 0.086390
611 1.063502 0.343824 0.085956
612 1.119135 0.342825 0.085706
613 1.062220 0.343239 0.085810
614 1.097175 0.328343 0.082086
615 1.074489 0.343024 0.085756
616 1.080797 0.338569 0.084642
617 1.063083 0.338376 0.084594
618 1.079862 0.359353 0.089838
619 1.077043 0.337826 0.084456
620 1.064028 0.338857 0.084714
621 1.071628 0.341217 0.085304
622 1.082612 0.337929 0.084482
623 1.093133 0.339671 0.084918
624 1.078910 0.340794 0.085198
625 1.065532 0.339276 0.084819
626 1.100100 0.342021 0.085505
627 1.073845 0.335893 0.083973
628 1.077605 0.339765 0.084941
629 1.097014 0.313998 0.078499
630 1.085603 0.335876 0.083969
631 1.082572 0.335487 0.083872
632 1.074241 0.344786 0.086196
633 1.079820 0.344223 0.086056
634 1.095288 0.345525 0.086381
635 1.108438 0.325741 0.081435
636 1.051876 0.371808 0.092952
637 1.087871 0.337298 0.084325
638 1.051406 0.341523 0.085381
639 1.089301 0.330784 0.082696
640 1.072797 0.333730 0.083433
641 1.082363 0.340629 0.085157
642 1.090273 0.343959 0.085990
643 1.274971 0.328803 0.082201
644 1.210486 0.341890 0.085472
645 1.087691 0.373177 0.093294
646 1.064206 0.382239 0.095560
647 1.113676 0.335026 0.083756
648 1.079172 0.330611 0.082653
649 1.126342 0.321041 0.080260
650 1.077747 0.342386 0.085596
651 1.067300 0.355523 0.088881
652 1.085098 0.349967 0.087492
653 1.079216 0.353299 0.088325
654 1.097164 0.351964 0.087991
655 1.087535 0.344049 0.086012
656 1.088900 0.342500 0.085625
657 1.088902 0.367475 0.091869
658 1.094481 0.353231 0.088308
659 1.099885 0.348154 0.087038
660 1.042711 0.359034 0.089759
661 1.104071 0.334878 0.083719
662 1.097400 0.325647 0.081412
663 1.064151 0.335743 0.083936
664 1.054942 0.359536 0.089884
665 1.075179 0.350182 0.087545
666 1.074549 0.344476 0.086119
667 1.106436 0.329704 0.082426
668 1.085362 0.363783 0.090946
669 1.079804 0.342543 0.085636
670 1.073020 0.341790 0.085447
671 1.099042 0.323942 0.080986
672 1.051938 0.367384 0.091846
673 1.085841 0.336544 0.084136
674 1.105310 0.340862 0.085215
675 1.129155 0.333684 0.083421
676 1.124293 0.331612 0.082903
677 1.084429 0.308196 0.077049
678 1.093260 0.344759 0.086190
679 1.087387 0.355228 0.088807
680 1.089640 0.343406 0.085852
681 1.097486 0.328699 0.082175
682 1.078811 0.336393 0.084098
683 1.110152 0.329848 0.082462
684 1.098866 0.342339 0.085585
685 1.100733 0.332436 0.083109
686 1.098331 0.334078 0.083519
687 1.089506 0.334914 0.083729
688 1.092374 0.325588 0.081397
689 1.093690 0.334613 0.083653
690 1.082246 0.338043 0.084511
691 1.070759 0.356506 0.089126
692 1.082668 0.331452 0.082863
693 1.055690 0.363880 0.090970
694 1.091788 0.339085 0.084771
695 1.105946 0.328041 0.082010
696 1.100549 0.334838 0.083710
697 1.123254 0.339576 0.084894
698 1.085595 0.342761 0.085690
699 1.113054 0.337497 0.084374
700 1.114360 0.317662 0.079416
701 1.123176 0.330150 0.082537
702 1.095801 0.337737 0.084434
703 1.081724 0.357490 0.089372
704 1.082088 0.353160 0.088290
705 1.126001 0.319470 0.079868
706 1.091388 0.346521 0.086630
707 1.099956 0.319449 0.079862
708 1.105382 0.315223 0.078806
709 1.115415 0.328356 0.082089
710 1.107204 0.320922 0.080230
711 1.119392 0.333146 0.083287
712 1.084256 0.342523 0.085631
713 1.122421 0.320262 0.080066
714 1.076361 0.337924 0.084481
715 1.118975 0.337204 0.084301
716 1.080882 0.355663 0.088916
717 1.263717 0.296562 0.074140
718 1.118048 0.330296 0.082574
719 1.105696 0.335278 0.083820
720 1.339500 0.269707 0.067427
721 1.207796 0.340100 0.085025
722 1.120534 0.381443 0.095361
723 1.128235 0.310099 0.077525
724 1.097827 0.353590 0.088398
725 1.085008 0.316353 0.079088
726 1.105231 0.337526 0.084381
727 1.086439 0.327858 0.081965
728 1.071235 0.371501 0.092875
729 1.129577 0.341932 0.085483
730 1.118912 0.329333 0.082333
731 1.089743 0.330528 0.082632
732 1.086227 0.338315 0.084579
733 1.140032 0.304730 0.076183
734 1.101407 0.324461 0.081115
735 1.136334 0.299760 0.074940
736 1.108998 0.318957 0.079739
737 1.103756 0.323854 0.080964
738 1.118099 0.327123 0.081781
739 1.096484 0.319741 0.079935
740 1.096224 0.323251 0.080813
741 1.120185 0.303283 0.075821
742 1.096965 0.323142 0.080786
743 1.066862 0.327627 0.081907
744 1.127579 0.310385 0.077596
745 1.123858 0.311956 0.077989
746 1.104829 0.331504 0.082876
747 1.108896 0.318556 0.079639
748 1.121816 0.316753 0.079188
749 1.106260 0.309514 0.077379
750 1.136381 0.306703 0.076676
751 1.112049 0.309486 0.077372
752 1.130752 0.317797 0.079449
753 1.120927 0.322062 0.080516
754 1.099087 0.314864 0.078716
755 1.121965 0.313431 0.078358
756 1.115196 0.317620 0.079405
757 1.100277 0.312962 0.078241
758 1.088042 0.329591 0.082398
759 1.109941 0.351095 0.087774
760 1.123775 0.317128 0.079282
761 1.131508 0.308849 0.077212
762 1.096745 0.315236 0.078809
763 1.071122 0.331271 0.082818
764 1.113153 0.314608 0.078652
765 1.127960 0.313729 0.078432
766 1.124450 0.321181 0.080295
767 1.135161 0.312674 0.078168
768 1.098963 0.326438 0.081609
769 1.126288 0.324912 0.081228
770 1.110768 0.314813 0.078703
771 1.100330 0.322915 0.080729
772 1.115865 0.311575 0.077894
773 1.111163 0.321649 0.080412
774 1.160475 0.317982 0.079495
775 1.099969 0.309085 0.077271
776 1.122402 0.315473 0.078868
777 1.128393 0.330707 0.082677
778 1.132240 0.305503 0.076376
779 1.076491 0.312663 0.078166
780 1.116468 0.320311 0.080078
781 1.124277 0.317296 0.079324
782 1.122250 0.320602 0.080151
783 1.119336 0.324365 0.081091
784 1.128560 0.307676 0.076919
785 1.113885 0.313956 0.078489
786 1.113390 0.319364 0.079841
787 1.147251 0.304734 0.076183
788 1.113242 0.311761 0.077940
789 1.138965 0.313381 0.078345
790 1.166525 0.291742 0.072935
791 1.120153 0.311390 0.077848
792 1.086722 0.322196 0.080549
793 1.083897 0.322896 0.080724
794 1.163159 0.300423 0.075106
795 1.141934 0.311529 0.077882
796 1.147703 0.297445 0.074361
797 1.124742 0.302332 0.075583
798 1.121411 0.311473 0.077868
799 1.099752 0.321145 0.080286
800 1.120231 0.328547 0.082137
801 1.106904 0.334919 0.083730
802 1.132783 0.310916 0.077729
803 1.122790 0.320258 0.080064
804 1.146606 0.307216 0.076804
805 1.110301 0.312009 0.078002
806 1.141458 0.301049 0.075262
807 1.150376 0.305192 0.076298
808 1.132047 0.317655 0.079414
809 1.098295 0.314049 0.078512
810 1.122726 0.308312 0.077078
811 1.108693 0.315590 0.078897
812 1.087305 0.312589 0.078147
813 1.126940 0.312241 0.078060
814 1.171698 0.296204 0.074051
815 1.142776 0.311704 0.077926
816 1.131454 0.313254 0.078313
817 1.146887 0.331564 0.082891
818 1.120229 0.326297 0.081574
819 1.138930 0.301469 0.075367
820 1.133492 0.317650 0.079413
821 1.131198 0.324075 0.081019
822 1.133286 0.339462 0.084866
823 1.153533 0.293802 0.073450
824 1.123817 0.305923 0.076481
825 1.176835 0.293413 0.073353
826 1.104712 0.316249 0.079062
827 1.147823 0.299517 0.074879
828 1.137050 0.307477 0.076869
829 1.172679 0.302524 0.075631
830 1.120259 0.304050 0.076013
831 1.136176 0.318882 0.079720
832 1.112709 0.342070 0.085517
833 1.128996 0.318067 0.079517
834 1.207866 0.369267 0.092317
835 1.138106 0.350764 0.087691
836 1.156659 0.345704 0.086426
837 1.218425 0.309852 0.077463
838 1.132148 0.349410 0.087353
839 1.166596 0.312758 0.078189
840 1.143693 0.318224 0.079556
841 1.139242 0.350923 0.087731
842 1.138719 0.310410 0.077603
843 1.140900 0.318069 0.079517
844 1.151252 0.348237 0.087059
845 1.121153 0.305955 0.076489
846 1.118313 0.319089 0.079772
847 1.133545 0.313832 0.078458
848 1.121007 0.365367 0.091342
849 1.138053 0.317086 0.079272
850 1.141476 0.331541 0.082885
851 1.149745 0.337954 0.084489
852 1.133753 0.326319 0.081580
853 1.135599 0.313236 0.078309
854 1.130732 0.334172 0.083543
855 1.092128 0.335669 0.083917
856 1.143240 0.310084 0.077521
857 1.131201 0.309917 0.077479
858 1.127538 0.310652 0.077663
859 1.169924 0.306816 0.076704
860 1.120914 0.314545 0.078636
861 1.142594 0.322367 0.080592
862 1.137069 0.305641 0.076410
863 1.162533 0.301167 0.075292
864 1.124286 0.312920 0.078230
865 1.210836 0.299905 0.074976
866 1.154945 0.324940 0.081235
867 1.194275 0.318689 0.079672
868 1.159335 0.311762 0.077941
869 1.127836 0.317212 0.079303
870 1.147694 0.359829 0.089957
871 1.152432 0.327795 0.081949
872 1.156473 0.342385 0.085596
873 1.143318 0.304098 0.076025
874 1.217616 0.327220 0.081805
875 1.258563 0.279215 0.069804
876 1.150157 0.337474 0.084368
877 1.132698 0.322040 0.080510
878 1.131208 0.329362 0.082341
879 1.264959 0.274124 0.068531
880 1.223490 0.294548 0.073637
881 1.241080 0.293132 0.073283
882 1.169011 0.306638 0.076659
883 1.146145 0.368697 0.092174
884 1.158772 0.321657 0.080414
885 1.206466 0.287323 0.071831
886 1.151267 0.317280 0.079320
887 1.162751 0.368670 0.092167
888 1.207432 0.356545 0.089136
889 1.174929 0.320121 0.080030
890 1.133515 0.331334 0.082833
891 1.135789 0.422877 0.105719
892 1.238449 0.337469 0.084367
893 1.247640 0.328451 0.082113
894 1.147203 0.341557 0.085389
895 1.138672 0.330624 0.082656
896 1.212902 0.296634 0.074159
897 1.208031 0.329674 0.082418
898 1.156186 0.345775 0.086444
899 1.244201 0.316471 0.079118
900 1.179629 0.330850 0.082712
901 1.271567 0.292619 0.073155
902 1.241466 0.308890 0.077223
903 1.154260 0.336825 0.084206
904 1.184225 0.321061 0.080265
905 1.185621 0.300352 0.075088
906 1.141015 0.310374 0.077593
907 1.153442 0.309967 0.077492
908 1.139222 0.305333 0.076333
909 1.161605 0.311423 0.077856
910 1.187053 0.325725 0.081431
911 1.174998 0.314149 0.078537
912 1.146925 0.349113 0.087278
913 1.186111 0.311704 0.077926
914 1.159669 0.370852 0.092713
915 1.170583 0.319607 0.079902
916 1.118411 0.336299 0.084075
917 1.169969 0.336979 0.084245
918 1.176142 0.310667 0.077667
919 1.126177 0.346493 0.086623
920 1.144919 0.326027 0.081507
921 1.168641 0.328316 0.082079
922 1.167069 0.313452 0.078363
923 1.181843 0.313953 0.078488
924 1.140022 0.334151 0.083538
925 1.203322 0.313693 0.078423
926 1.149804 0.333381 0.083345
927 1.146672 0.319212 0.079803
928 1.152014 0.315133 0.078783
929 1.174603 0.318891 0.079723
930 1.165845 0.328955 0.082239
931 1.182130 0.327196 0.081799
932 1.151928 0.361680 0.090420
933 1.245478 0.291946 0.072986
934 1.183070 0.301482 0.075370
935 1.181969 0.334416 0.083604
936 1.139493 0.323692 0.080923
937 1.153159 0.325079 0.081270
938 1.130832 0.358819 0.089705
939 1.190462 0.311041 0.077760
940 1.162196 0.327420 0.081855
941 1.293405 0.285939 0.071485
942 1.206937 0.360053 0.090013
943 1.227625 0.328569 0.082142
944 1.203192 0.325413 0.081353
945 1.289314 0.273675 0.068419
946 1.220395 0.296093 0.074023
947 1.133725 0.316055 0.079014
948 1.148340 0.331687 0.082922
949 1.171307 0.302056 0.075514
950 1.180722 0.333542 0.083385
951 1.146323 0.336609 0.084152
952 1.213667 0.303860 0.075965
953 1.148668 0.343769 0.085942
954 1.164842 0.317232 0.079308
955 1.170614 0.309803 0.077451
956 1.319807 0.265380 0.066345
957 1.350161 0.314040 0.078510
958 1.172044 0.318143 0.079536
959 1.120576 0.325305 0.081326
960 1.160813 0.328591 0.082148
961 1.182216 0.321899 0.080475
962 1.179853 0.305711 0.076428
963 1.183540 0.323376 0.080844
964 1.200571 0.305700 0.076425
965 1.150624 0.321379 0.080345
966 1.171011 0.314089 0.078522
967 1.163963 0.310405 0.077601
968 1.179625 0.309147 0.077287
969 1.170239 0.317991 0.079498
970 1.159274 0.308631 0.077158
971 1.176998 0.290921 0.072730
972 1.321164 0.267198 0.066799
973 1.265870 0.291070 0.072768
974 1.143914 0.326823 0.081706
975 1.182779 0.308575 0.077144
976 1.397392 0.260862 0.065215
977 1.123745 0.347869 0.086967
978 1.185132 0.330439 0.082610
979 1.172232 0.320219 0.080055
980 1.153570 0.319748 0.079937
981 1.149728 0.341436 0.085359
982 1.152982 0.322227 0.080557
983 1.139701 0.313665 0.078416
984 1.161409 0.347277 0.086819
985 1.152287 0.339719 0.084930
986 1.134331 0.326787 0.081697
987 1.153130 0.311089 0.077772
988 1.183441 0.318555 0.079639
989 1.162080 0.316438 0.079109
990 1.165740 0.368827 0.092207
991 1.171089 0.316344 0.079086
992 1.208647 0.303175 0.075794
993 1.181544 0.305398 0.076349
994 1.195574 0.314531 0.078633
995 1.200290 0.307330 0.076832
996 1.140398 0.351125 0.087781
997 1.172429 0.319178 0.079794
998 1.186073 0.314422 0.078605
999 1.178316 0.312847 0.078212
