10 0.001148 0.564460 0.141115
20 0.000964 1.084025 0.271006
30 0.001914 0.638454 0.159613
40 0.003195 0.447574 0.111894
50 0.005958 0.446794 0.111699
60 0.004222 0.567504 0.141876
70 0.006151 0.412453 0.103113
80 0.005104 0.544867 0.136217
90 0.006012 0.537425 0.134356
100 0.009322 0.427591 0.106898
110 0.010062 0.449811 0.112453
120 0.010178 0.410886 0.102722
130 0.010257 0.422541 0.105635
140 0.011338 0.448404 0.112101
150 0.012725 0.404244 0.101061
160 0.010264 0.523090 0.130773
170 0.012335 0.503202 0.125801
180 0.010303 0.780064 0.195016
190 0.012831 0.747564 0.186891
200 0.017931 0.536780 0.134195
210 0.017942 0.651321 0.162830
220 0.017526 0.580566 0.145142
230 0.018980 0.484563 0.121141
240 0.015854 0.635991 0.158998
250 0.019392 0.485870 0.121468
260 0.022521 0.428223 0.107056
270 0.023454 0.497058 0.124265
280 0.023491 0.487974 0.121994
290 0.024801 0.422523 0.105631
300 0.022901 0.565303 0.141326
310 0.024456 0.473912 0.118478
320 0.027506 0.472188 0.118047
330 0.026706 0.443009 0.110752
340 0.027325 0.453138 0.113285
350 0.028563 0.412352 0.103088
360 0.029688 0.450384 0.112596
370 0.027982 0.477128 0.119282
380 0.031888 0.405858 0.101465
390 0.031670 0.418282 0.104571
400 0.035836 0.374428 0.093607
410 0.039884 0.339284 0.084821
420 0.033795 0.418198 0.104549
430 0.034353 0.431753 0.107938
440 0.040402 0.349611 0.087403
450 0.036311 0.399576 0.099894
460 0.040756 0.416920 0.104230
470 0.041010 0.376250 0.094062
480 0.040495 0.440869 0.110217
490 0.046719 0.382136 0.095534
500 0.040306 0.442291 0.110573
510 0.039896 0.470448 0.117612
520 0.041478 0.448045 0.112011
530 0.038261 0.488095 0.122024
540 0.040428 0.433066 0.108267
550 0.042719 0.467403 0.116851
560 0.043560 0.462052 0.115513
570 0.043513 0.437134 0.109283
580 0.045710 0.401159 0.100290
590 0.047259 0.471741 0.117935
600 0.046776 0.439328 0.109832
610 0.055470 0.421579 0.105395
620 0.047579 0.464196 0.116049
630 0.046960 0.465396 0.116349
640 0.057673 0.361070 0.090268
650 0.055247 0.466921 0.116730
660 0.051343 0.425180 0.106295
670 0.060016 0.379882 0.094971
680 0.056245 0.402667 0.100667
690 0.053524 0.448005 0.112001
700 0.057367 0.407168 0.101792
710 0.058250 0.482318 0.120579
720 0.039545 0.766342 0.191586
730 0.047877 0.560791 0.140198
740 0.041428 0.725162 0.181290
750 0.045478 0.561788 0.140447
760 0.055032 0.462876 0.115719
770 0.050370 0.517173 0.129293
780 0.053741 0.503880 0.125970
790 0.053831 0.510394 0.127598
800 0.056099 0.494429 0.123607
810 0.054502 0.595776 0.148944
820 0.062782 0.559842 0.139960
830 0.064610 0.424516 0.106129
840 0.069497 0.407140 0.101785
850 0.066836 0.423469 0.105867
860 0.067180 0.513829 0.128457
870 0.067126 0.417573 0.104393
880 0.070829 0.435584 0.108896
890 0.073547 0.381769 0.095442
900 0.079633 0.377582 0.094396
910 0.085985 0.343490 0.085873
920 0.084996 0.364029 0.091007
930 0.079960 0.396323 0.099081
940 0.055237 0.568188 0.142047
950 0.051799 0.659472 0.164868
960 0.054765 0.586287 0.146572
970 0.090953 0.351214 0.087804
980 0.054506 0.609970 0.152492
990 0.069334 0.481697 0.120424
1000 0.087469 0.385256 0.096314
1010 0.060916 0.544849 0.136212
1020 0.079267 0.424414 0.106103
1030 0.091786 0.359565 0.089891
1040 0.078943 0.507100 0.126775
1050 0.079190 0.433009 0.108252
1060 0.078479 0.463334 0.115834
1070 0.080731 0.424694 0.106174
1080 0.096360 0.372250 0.093062
1090 0.091137 0.397687 0.099422
1100 0.091678 0.477476 0.119369
1110 0.094077 0.394379 0.098595
1120 0.087076 0.440225 0.110056
1130 0.100089 0.366184 0.091546
1140 0.094431 0.481145 0.120286
1150 0.097230 0.405616 0.101404
1160 0.101443 0.435663 0.108916
1170 0.100228 0.405176 0.101294
1180 0.110255 0.360836 0.090209
1190 0.106248 0.378360 0.094590
1200 0.084994 0.526955 0.131739
1210 0.097258 0.456672 0.114168
1220 0.093529 0.436645 0.109161
1230 0.095531 0.440705 0.110176
1240 0.111007 0.375229 0.093807
1250 0.103872 0.416744 0.104186
1260 0.090099 0.459084 0.114771
1270 0.100542 0.426658 0.106664
1280 0.097991 0.437591 0.109398
1290 0.105886 0.400875 0.100219
1300 0.100508 0.432204 0.108051
1310 0.101668 0.425699 0.106425
1320 0.102227 0.449676 0.112419
1330 0.115520 0.424489 0.106122
1340 0.120121 0.464332 0.116083
1350 0.118278 0.381297 0.095324
1360 0.092143 0.496457 0.124114
1370 0.078194 0.584329 0.146082
1380 0.109707 0.409008 0.102252
1390 0.108792 0.425767 0.106442
1400 0.100982 0.445258 0.111314
1410 0.112392 0.405643 0.101411
1420 0.110146 0.438545 0.109636
1430 0.092217 0.570318 0.142579
1440 0.090056 0.539131 0.134783
1450 0.101464 0.488015 0.122004
1460 0.095072 0.649529 0.162382
1470 0.101865 0.477033 0.119258
1480 0.116747 0.431994 0.107998
1490 0.124784 0.395395 0.098849
1500 0.109739 0.486873 0.121718
1510 0.113322 0.441185 0.110296
1520 0.122123 0.420592 0.105148
1530 0.136410 0.414999 0.103750
1540 0.136775 0.377145 0.094286
1550 0.117997 0.478402 0.119600
1560 0.124058 0.416837 0.104209
1570 0.128915 0.399511 0.099878
1580 0.138303 0.386420 0.096605
1590 0.126605 0.434082 0.108521
1600 0.130629 0.417840 0.104460
1610 0.127080 0.418052 0.104513
1620 0.114696 0.467967 0.116992
1630 0.096701 0.567285 0.141821
1640 0.128604 0.413440 0.103360
1650 0.130298 0.454405 0.113601
1660 0.127145 0.450572 0.112643
1670 0.143045 0.425887 0.106472
1680 0.144469 0.388332 0.097083
1690 0.156352 0.366359 0.091590
1700 0.139680 0.399735 0.099934
1710 0.138109 0.403145 0.100786
1720 0.138157 0.428599 0.107150
1730 0.134757 0.432119 0.108030
1740 0.137646 0.425664 0.106416
1750 0.141785 0.413746 0.103437
1760 0.137382 0.414479 0.103620
1770 0.139565 0.422749 0.105687
1780 0.153955 0.393407 0.098352
1790 0.168729 0.358101 0.089525
1800 0.157855 0.386589 0.096647
1810 0.158695 0.375702 0.093925
1820 0.137590 0.438935 0.109734
1830 0.160693 0.368429 0.092107
1840 0.168868 0.356663 0.089166
1850 0.160884 0.364200 0.091050
1860 0.140644 0.445309 0.111327
1870 0.163871 0.408034 0.102009
1880 0.161943 0.398566 0.099642
1890 0.162242 0.384093 0.096023
1900 0.163577 0.380072 0.095018
1910 0.162935 0.403584 0.100896
1920 0.174521 0.377800 0.094450
1930 0.157812 0.449573 0.112393
1940 0.160244 0.418268 0.104567
1950 0.162732 0.404542 0.101136
1960 0.141108 0.496549 0.124137
1970 0.142722 0.454821 0.113705
1980 0.165640 0.396329 0.099082
1990 0.188793 0.349647 0.087412
2000 0.186467 0.351644 0.087911
2010 0.182597 0.350844 0.087711
2020 0.146040 0.543851 0.135963
2030 0.143863 0.489132 0.122283
2040 0.151486 0.454385 0.113596
2050 0.167564 0.432080 0.108020
2060 0.150132 0.491321 0.122830
2070 0.161031 0.461824 0.115456
2080 0.183223 0.396435 0.099109
2090 0.163137 0.461612 0.115403
2100 0.177290 0.393164 0.098291
2110 0.190410 0.402663 0.100666
2120 0.202407 0.343590 0.085897
2130 0.187297 0.408469 0.102117
2140 0.187109 0.371885 0.092971
2150 0.171037 0.444044 0.111011
2160 0.166249 0.434445 0.108611
2170 0.163516 0.439559 0.109890
2180 0.175226 0.414042 0.103511
2190 0.170778 0.431554 0.107889
2200 0.196910 0.407938 0.101984
2210 0.177743 0.431010 0.107752
2220 0.176927 0.407841 0.101960
2230 0.199313 0.385158 0.096290
2240 0.180843 0.471696 0.117924
2250 0.175153 0.464423 0.116106
2260 0.173462 0.447908 0.111977
2270 0.195602 0.440573 0.110143
2280 0.199089 0.385456 0.096364
2290 0.205180 0.382528 0.095632
2300 0.203349 0.380351 0.095088
2310 0.175792 0.463474 0.115868
2320 0.195715 0.399622 0.099905
2330 0.216774 0.358950 0.089737
2340 0.197013 0.397441 0.099360
2350 0.201881 0.411683 0.102921
2360 0.196422 0.427625 0.106906
2370 0.182589 0.435245 0.108811
2380 0.196044 0.396176 0.099044
2390 0.200870 0.392896 0.098224
2400 0.229784 0.357275 0.089319
2410 0.200763 0.445446 0.111361
2420 0.206395 0.404646 0.101162
2430 0.197947 0.437031 0.109258
2440 0.216216 0.401756 0.100439
2450 0.199773 0.416963 0.104241
2460 0.214059 0.387613 0.096903
2470 0.214692 0.387942 0.096985
2480 0.199191 0.444081 0.111020
2490 0.232269 0.359338 0.089834
2500 0.211063 0.422106 0.105527
2510 0.226491 0.371896 0.092974
2520 0.198019 0.434701 0.108675
2530 0.178457 0.491267 0.122817
2540 0.207779 0.438071 0.109518
2550 0.177383 0.510827 0.127707
2560 0.212200 0.405000 0.101250
2570 0.189443 0.464229 0.116057
2580 0.221155 0.402437 0.100609
2590 0.190461 0.448065 0.112016
2600 0.198715 0.428116 0.107029
2610 0.198123 0.458932 0.114733
2620 0.190346 0.517190 0.129297
2630 0.223282 0.419667 0.104917
2640 0.234521 0.369677 0.092419
2650 0.234560 0.367671 0.091918
2660 0.217988 0.413440 0.103360
2670 0.173034 0.566854 0.141713
2680 0.178987 0.510166 0.127541
2690 0.188212 0.497630 0.124408
2700 0.204918 0.471881 0.117970
2710 0.220618 0.422246 0.105561
2720 0.223923 0.451963 0.112991
2730 0.216093 0.430130 0.107532
2740 0.229345 0.406580 0.101645
2750 0.202212 0.455552 0.113888
2760 0.230906 0.398729 0.099682
2770 0.249282 0.413018 0.103255
2780 0.212055 0.449497 0.112374
2790 0.257644 0.361099 0.090275
2800 0.228434 0.422625 0.105656
2810 0.258638 0.359777 0.089944
2820 0.218816 0.450054 0.112513
2830 0.245283 0.417342 0.104336
2840 0.197920 0.499106 0.124776
2850 0.233899 0.413426 0.103357
2860 0.197465 0.491950 0.122988
2870 0.230487 0.463709 0.115927
2880 0.258727 0.396468 0.099117
2890 0.255365 0.390316 0.097579
2900 0.228009 0.526247 0.131562
2910 0.234107 0.438885 0.109721
2920 0.226287 0.439331 0.109833
2930 0.238407 0.412152 0.103038
2940 0.236234 0.444047 0.111012
2950 0.221097 0.469382 0.117346
2960 0.255458 0.417990 0.104498
2970 0.223706 0.507532 0.126883
2980 0.270263 0.375693 0.093923
2990 0.229089 0.437393 0.109348
3000 0.254651 0.393276 0.098319
3010 0.232036 0.432295 0.108074
3020 0.251095 0.401167 0.100292
3030 0.247471 0.418740 0.104685
3040 0.229395 0.432546 0.108137
3050 0.235710 0.450961 0.112740
3060 0.222947 0.447120 0.111780
3070 0.242179 0.423431 0.105858
3080 0.280060 0.367307 0.091827
3090 0.284467 0.366282 0.091570
3100 0.240698 0.463257 0.115814
3110 0.257451 0.415970 0.103993
3120 0.240188 0.474574 0.118644
3130 0.239552 0.450165 0.112541
3140 0.259571 0.441024 0.110256
3150 0.278336 0.416206 0.104051
3160 0.236007 0.452258 0.113064
3170 0.262782 0.397112 0.099278
3180 0.271621 0.394093 0.098523
3190 0.274923 0.395631 0.098908
3200 0.246615 0.436713 0.109178
3210 0.264536 0.434327 0.108582
3220 0.250270 0.445095 0.111274
3230 0.271658 0.393532 0.098383
3240 0.250966 0.442156 0.110539
3250 0.257931 0.426688 0.106672
3260 0.257169 0.427789 0.106947
3270 0.278963 0.431089 0.107772
3280 0.267351 0.407333 0.101833
3290 0.300159 0.390563 0.097641
3300 0.257290 0.424937 0.106234
3310 0.307815 0.353959 0.088490
3320 0.303275 0.389399 0.097350
3330 0.286258 0.420694 0.105173
3340 0.252884 0.439019 0.109755
3350 0.276486 0.426542 0.106636
3360 0.298093 0.396477 0.099119
3370 0.252459 0.471736 0.117934
3380 0.262600 0.444528 0.111132
3390 0.265651 0.426597 0.106649
3400 0.301413 0.413124 0.103281
3410 0.295050 0.394858 0.098715
3420 0.267505 0.435943 0.108986
3430 0.275352 0.434255 0.108564
3440 0.295805 0.390528 0.097632
3450 0.315484 0.361042 0.090261
3460 0.302847 0.405736 0.101434
3470 0.310094 0.374757 0.093689
3480 0.261562 0.452241 0.113060
3490 0.288370 0.402504 0.100626
3500 0.251670 0.514563 0.128641
3510 0.239555 0.505279 0.126320
3520 0.276017 0.427463 0.106866
3530 0.243444 0.484539 0.121135
3540 0.253947 0.464239 0.116060
3550 0.275517 0.461569 0.115392
3560 0.278142 0.446923 0.111731
3570 0.316009 0.376530 0.094133
3580 0.276793 0.445571 0.111393
3590 0.276274 0.430486 0.107621
3600 0.331374 0.383431 0.095858
3610 0.322337 0.375570 0.093892
3620 0.283787 0.428434 0.107109
3630 0.280005 0.451892 0.112973
3640 0.283660 0.435486 0.108872
3650 0.282664 0.470746 0.117687
3660 0.317432 0.385248 0.096312
3670 0.295321 0.417227 0.104307
3680 0.310859 0.402597 0.100649
3690 0.310434 0.388946 0.097236
3700 0.298767 0.421091 0.105273
3710 0.279643 0.463874 0.115968
3720 0.320932 0.394529 0.098632
3730 0.293233 0.423912 0.105978
3740 0.309940 0.402036 0.100509
3750 0.336631 0.383779 0.095945
3760 0.262219 0.492684 0.123171
3770 0.313218 0.398160 0.099540
3780 0.280207 0.458022 0.114506
3790 0.278562 0.464593 0.116148
3800 0.300246 0.429841 0.107460
3810 0.315892 0.401906 0.100477
3820 0.286329 0.439753 0.109938
3830 0.318771 0.397922 0.099481
3840 0.315486 0.422970 0.105742
3850 0.343441 0.374903 0.093726
3860 0.330813 0.400262 0.100066
3870 0.302751 0.424203 0.106051
3880 0.325595 0.399211 0.099803
3890 0.295418 0.455734 0.113933
3900 0.336013 0.396184 0.099046
3910 0.325308 0.412855 0.103214
3920 0.301625 0.453185 0.113296
3930 0.333328 0.404049 0.101012
3940 0.308260 0.430160 0.107540
3950 0.307409 0.438195 0.109549
3960 0.300966 0.482829 0.120707
3970 0.309053 0.443820 0.110955
3980 0.339322 0.410118 0.102529
3990 0.328051 0.410915 0.102729
4000 0.327456 0.406192 0.101548
4010 0.347930 0.397215 0.099304
4020 0.318972 0.426774 0.106694
4030 0.325712 0.411290 0.102822
4040 0.319216 0.447753 0.111938
4050 0.314958 0.421663 0.105416
4060 0.313084 0.424394 0.106099
4070 0.321905 0.443575 0.110894
4080 0.325665 0.453174 0.113294
4090 0.336385 0.408437 0.102109
4100 0.354057 0.389740 0.097435
4110 0.316238 0.455205 0.113801
4120 0.276518 0.497176 0.124294
4130 0.320532 0.436144 0.109036
4140 0.333137 0.425717 0.106429
4150 0.396646 0.347653 0.086913
4160 0.395105 0.369142 0.092286
4170 0.353072 0.394078 0.098520
4180 0.360768 0.403988 0.100997
4190 0.339843 0.438555 0.109639
4200 0.362930 0.424148 0.106037
4210 0.325921 0.440892 0.110223
4220 0.373160 0.377358 0.094340
4230 0.329348 0.447952 0.111988
4240 0.364822 0.393904 0.098476
4250 0.328938 0.442171 0.110543
4260 0.359995 0.388025 0.097006
4270 0.325150 0.449187 0.112297
4280 0.333696 0.418216 0.104554
4290 0.324260 0.448982 0.112246
4300 0.310256 0.499359 0.124840
4310 0.332402 0.431141 0.107785
4320 0.325872 0.440701 0.110175
4330 0.356161 0.411915 0.102979
4340 0.336177 0.426403 0.106601
4350 0.328958 0.457645 0.114411
4360 0.342142 0.505770 0.126442
4370 0.349922 0.417770 0.104443
4380 0.390957 0.413296 0.103324
4390 0.346859 0.427263 0.106816
4400 0.391429 0.388811 0.097203
4410 0.400778 0.376894 0.094224
4420 0.409763 0.363622 0.090906
4430 0.408250 0.362036 0.090509
4440 0.399183 0.380357 0.095089
4450 0.397231 0.371633 0.092908
4460 0.344890 0.471759 0.117940
4470 0.347995 0.423222 0.105805
4480 0.402855 0.385156 0.096289
4490 0.356027 0.428212 0.107053
4500 0.367785 0.421126 0.105282
4510 0.362880 0.439793 0.109948
4520 0.343665 0.446260 0.111565
4530 0.363167 0.412810 0.103203
4540 0.413746 0.372040 0.093010
4550 0.369049 0.449117 0.112279
4560 0.354701 0.434690 0.108673
4570 0.411594 0.379597 0.094899
4580 0.387923 0.406573 0.101643
4590 0.361690 0.417410 0.104352
4600 0.362650 0.457493 0.114373
4610 0.406915 0.386776 0.096694
4620 0.379287 0.424573 0.106143
4630 0.381220 0.413800 0.103450
4640 0.379854 0.417942 0.104486
4650 0.435636 0.383235 0.095809
4660 0.376324 0.429292 0.107323
4670 0.426440 0.378848 0.094712
4680 0.318298 0.504166 0.126041
4690 0.374200 0.437475 0.109369
4700 0.368957 0.447193 0.111798
4710 0.399299 0.420940 0.105235
4720 0.386390 0.427954 0.106988
4730 0.387655 0.409140 0.102285
4740 0.430384 0.371447 0.092862
4750 0.418990 0.391439 0.097860
4760 0.368617 0.443721 0.110930
4770 0.368881 0.443341 0.110835
4780 0.384479 0.428944 0.107236
4790 0.381568 0.419561 0.104890
4800 0.388799 0.416179 0.104045
4810 0.382206 0.437536 0.109384
4820 0.431549 0.397329 0.099332
4830 0.362304 0.468880 0.117220
4840 0.381062 0.431917 0.107979
4850 0.361905 0.468131 0.117033
4860 0.424586 0.385625 0.096406
4870 0.382099 0.423825 0.105956
4880 0.382253 0.419228 0.104807
4890 0.458621 0.359406 0.089851
4900 0.417245 0.411288 0.102822
4910 0.386554 0.422844 0.105711
4920 0.386834 0.425730 0.106433
4930 0.421197 0.408650 0.102162
4940 0.392260 0.419112 0.104778
4950 0.382136 0.467425 0.116856
4960 0.454844 0.356540 0.089135
4970 0.436932 0.399094 0.099774
4980 0.446528 0.371307 0.092827
4990 0.389293 0.428292 0.107073
5000 0.408120 0.417451 0.104363
5010 0.340598 0.482366 0.120592
5020 0.436656 0.404211 0.101053
5030 0.388323 0.446690 0.111672
5040 0.452280 0.391669 0.097917
5050 0.433510 0.384141 0.096035
5060 0.450509 0.386514 0.096628
5070 0.450062 0.398272 0.099568
5080 0.426488 0.387959 0.096990
5090 0.422963 0.428799 0.107200
5100 0.392426 0.451056 0.112764
5110 0.392058 0.446421 0.111605
5120 0.421672 0.394729 0.098682
5130 0.444059 0.401037 0.100259
5140 0.475386 0.378482 0.094620
5150 0.489507 0.351231 0.087808
5160 0.438219 0.410717 0.102679
5170 0.419700 0.447353 0.111838
5180 0.382074 0.467402 0.116850
5190 0.482941 0.356950 0.089238
5200 0.452688 0.384872 0.096218
5210 0.431333 0.413384 0.103346
5220 0.444228 0.401643 0.100411
5230 0.401414 0.438373 0.109593
5240 0.403476 0.445149 0.111287
5250 0.442278 0.426218 0.106555
5260 0.477511 0.385040 0.096260
5270 0.424295 0.430340 0.107585
5280 0.492165 0.370101 0.092525
5290 0.431680 0.431387 0.107847
5300 0.443110 0.430708 0.107677
5310 0.420349 0.413666 0.103416
5320 0.464231 0.381015 0.095254
5330 0.470453 0.371021 0.092755
5340 0.425221 0.416837 0.104209
5350 0.438150 0.419035 0.104759
5360 0.459482 0.397258 0.099315
5370 0.390442 0.466018 0.116505
5380 0.436107 0.419154 0.104789
5390 0.432057 0.435007 0.108752
5400 0.415545 0.447855 0.111964
5410 0.467666 0.386389 0.096597
5420 0.468539 0.390740 0.097685
5430 0.455793 0.400340 0.100085
5440 0.422937 0.487025 0.121756
5450 0.427220 0.437884 0.109471
5460 0.470996 0.381388 0.095347
5470 0.488106 0.395125 0.098781
5480 0.372924 0.502931 0.125733
5490 0.426823 0.442921 0.110730
5500 0.512195 0.368934 0.092233
5510 0.461523 0.403846 0.100961
5520 0.466841 0.418941 0.104735
5530 0.489945 0.385984 0.096496
5540 0.480567 0.395487 0.098872
5550 0.471608 0.424511 0.106128
5560 0.436772 0.452975 0.113244
5570 0.434709 0.431012 0.107753
5580 0.406159 0.483254 0.120814
5590 0.507282 0.369619 0.092405
5600 0.426124 0.436028 0.109007
5610 0.495442 0.390352 0.097588
5620 0.433267 0.445737 0.111434
5630 0.502893 0.392547 0.098137
5640 0.430163 0.444178 0.111045
5650 0.415958 0.471406 0.117851
5660 0.514506 0.376433 0.094108
5670 0.497292 0.379210 0.094802
5680 0.400762 0.475097 0.118774
5690 0.463785 0.423789 0.105947
5700 0.504283 0.373596 0.093399
5710 0.488922 0.408268 0.102067
5720 0.485480 0.412880 0.103220
5730 0.451334 0.437869 0.109467
5740 0.452581 0.422318 0.105579
5750 0.465224 0.418738 0.104685
5760 0.471233 0.404908 0.101227
5770 0.492349 0.414996 0.103749
5780 0.535616 0.358335 0.089584
5790 0.442205 0.462663 0.115666
5800 0.523790 0.394542 0.098635
5810 0.472333 0.415319 0.103830
5820 0.492270 0.426297 0.106574
5830 0.512116 0.394930 0.098733
5840 0.467343 0.423541 0.105885
5850 0.443128 0.455324 0.113831
5860 0.434608 0.453680 0.113420
5870 0.462364 0.445716 0.111429
5880 0.470136 0.436350 0.109088
5890 0.523285 0.392624 0.098156
5900 0.468077 0.435001 0.108750
5910 0.499510 0.428802 0.107201
5920 0.531340 0.382356 0.095589
5930 0.485181 0.415729 0.103932
5940 0.520952 0.384323 0.096081
5950 0.408780 0.483779 0.120945
5960 0.483221 0.426476 0.106619
5970 0.456063 0.427248 0.106812
5980 0.443071 0.500019 0.125005
5990 0.460681 0.438822 0.109706
6000 0.468555 0.448874 0.112218
6010 0.523363 0.383831 0.095958
6020 0.546245 0.365223 0.091306
6030 0.531802 0.384175 0.096044
6040 0.484352 0.439162 0.109791
6050 0.556341 0.360660 0.090165
6060 0.483729 0.426665 0.106666
6070 0.538424 0.379734 0.094934
6080 0.537545 0.379436 0.094859
6090 0.496059 0.404958 0.101239
6100 0.493313 0.417070 0.104267
6110 0.449000 0.466860 0.116715
6120 0.446263 0.470722 0.117681
6130 0.510656 0.410458 0.102615
6140 0.545723 0.390658 0.097664
6150 0.485271 0.435406 0.108852
6160 0.494597 0.420419 0.105105
6170 0.491970 0.414775 0.103694
6180 0.488029 0.440916 0.110229
6190 0.577637 0.371353 0.092838
6200 0.530016 0.401005 0.100251
6210 0.488813 0.436281 0.109070
6220 0.535863 0.398719 0.099680
6230 0.488524 0.434630 0.108657
6240 0.484631 0.433113 0.108278
6250 0.526872 0.399651 0.099913
6260 0.530086 0.396868 0.099217
6270 0.505316 0.423862 0.105965
6280 0.491493 0.431066 0.107767
6290 0.496586 0.425316 0.106329
6300 0.507307 0.429838 0.107460
6310 0.488779 0.428079 0.107020
6320 0.478741 0.458883 0.114721
6330 0.486597 0.441791 0.110448
6340 0.522866 0.451856 0.112964
6350 0.540344 0.399059 0.099765
6360 0.579517 0.367934 0.091983
6370 0.464278 0.485371 0.121343
6380 0.543597 0.415858 0.103964
6390 0.553432 0.395725 0.098931
6400 0.529723 0.436972 0.109243
6410 0.521862 0.421822 0.105456
6420 0.487475 0.457254 0.114314
6430 0.489072 0.452541 0.113135
6440 0.562970 0.389170 0.097292
6450 0.507434 0.430576 0.107644
6460 0.526900 0.404253 0.101063
6470 0.599679 0.369211 0.092303
6480 0.571711 0.386477 0.096619
6490 0.509244 0.432376 0.108094
6500 0.574192 0.382154 0.095539
6510 0.516641 0.434443 0.108611
6520 0.484938 0.454648 0.113662
6530 0.488492 0.452372 0.113093
6540 0.541105 0.398836 0.099709
6550 0.508938 0.429257 0.107314
6560 0.544013 0.420117 0.105029
6570 0.619552 0.369633 0.092408
6580 0.590920 0.374538 0.093635
6590 0.572022 0.395457 0.098864
6600 0.552639 0.414567 0.103642
6610 0.605689 0.385206 0.096301
6620 0.546407 0.407171 0.101793
6630 0.515043 0.437651 0.109413
6640 0.477077 0.478265 0.119566
6650 0.543707 0.414006 0.103502
6660 0.596681 0.386511 0.096628
6670 0.600846 0.389890 0.097473
6680 0.517744 0.458995 0.114749
6690 0.585613 0.400828 0.100207
6700 0.580530 0.386080 0.096520
6710 0.596488 0.377974 0.094494
6720 0.526052 0.432701 0.108175
6730 0.616313 0.372100 0.093025
6740 0.527886 0.443689 0.110922
6750 0.593619 0.391556 0.097889
6760 0.547626 0.415121 0.103780
6770 0.556586 0.446517 0.111629
6780 0.543591 0.421710 0.105428
6790 0.563632 0.412086 0.103022
6800 0.615198 0.378251 0.094563
6810 0.591406 0.403680 0.100920
6820 0.571463 0.400680 0.100170
6830 0.549291 0.419421 0.104855
6840 0.536551 0.460169 0.115042
6850 0.555646 0.433814 0.108453
6860 0.560935 0.405409 0.101352
6870 0.572567 0.415141 0.103785
6880 0.599647 0.380152 0.095038
6890 0.558017 0.440270 0.110067
6900 0.591193 0.388247 0.097062
6910 0.587885 0.403679 0.100920
6920 0.555769 0.418532 0.104633
6930 0.500423 0.491808 0.122952
6940 0.524277 0.463543 0.115886
6950 0.601129 0.390695 0.097674
6960 0.598425 0.409582 0.102395
6970 0.616418 0.379408 0.094852
6980 0.629235 0.369099 0.092275
6990 0.540684 0.434742 0.108685
7000 0.550112 0.448490 0.112123
7010 0.597375 0.457403 0.114351
7020 0.552143 0.430868 0.107717
7030 0.566237 0.456717 0.114179
7040 0.542091 0.439710 0.109928
7050 0.583484 0.425995 0.106499
7060 0.631007 0.386663 0.096666
7070 0.536605 0.438740 0.109685
7080 0.561740 0.440403 0.110101
7090 0.542465 0.442971 0.110743
7100 0.659624 0.385048 0.096262
7110 0.581178 0.422747 0.105687
7120 0.649169 0.388323 0.097081
7130 0.558214 0.481004 0.120251
7140 0.637060 0.402466 0.100617
7150 0.545119 0.464721 0.116180
7160 0.542241 0.453448 0.113362
7170 0.600618 0.408429 0.102107
7180 0.635168 0.425889 0.106472
7190 0.572864 0.436081 0.109020
7200 0.574292 0.440476 0.110119
7210 0.582495 0.434078 0.108519
7220 0.605362 0.409917 0.102479
7230 0.577959 0.433138 0.108284
7240 0.576530 0.424510 0.106128
7250 0.550099 0.466816 0.116704
7260 0.609193 0.420284 0.105071
7270 0.657185 0.396681 0.099170
7280 0.589585 0.446051 0.111513
7290 0.651899 0.380034 0.095009
7300 0.613875 0.421765 0.105441
7310 0.592624 0.431096 0.107774
7320 0.597055 0.423179 0.105795
7330 0.598162 0.414353 0.103588
7340 0.662615 0.380975 0.095244
7350 0.556529 0.448234 0.112058
7360 0.646417 0.388452 0.097113
7370 0.569299 0.432920 0.108230
7380 0.607177 0.410475 0.102619
7390 0.581655 0.439874 0.109969
7400 0.642994 0.412273 0.103068
7410 0.687941 0.363094 0.090773
7420 0.636062 0.399862 0.099965
7430 0.573656 0.439804 0.109951
7440 0.553984 0.468566 0.117141
7450 0.657575 0.393569 0.098392
7460 0.579940 0.433290 0.108322
7470 0.559313 0.459844 0.114961
7480 0.604811 0.417580 0.104395
7490 0.643939 0.391511 0.097878
7500 0.653141 0.390811 0.097703
7510 0.642541 0.402099 0.100525
7520 0.676459 0.378715 0.094679
7530 0.597472 0.432815 0.108204
7540 0.602347 0.440958 0.110240
7550 0.614459 0.419086 0.104771
7560 0.662108 0.406819 0.101705
7570 0.628976 0.429705 0.107426
7580 0.647679 0.386608 0.096652
7590 0.659546 0.389621 0.097405
7600 0.593551 0.429805 0.107451
7610 0.597201 0.428176 0.107044
7620 0.608160 0.439800 0.109950
7630 0.680509 0.382525 0.095631
7640 0.624136 0.414431 0.103608
7650 0.592229 0.457684 0.114421
7660 0.697318 0.382554 0.095639
7670 0.692226 0.384912 0.096228
7680 0.613490 0.420181 0.105045
7690 0.668666 0.391457 0.097864
7700 0.609671 0.431318 0.107829
7710 0.685132 0.385772 0.096443
7720 0.591257 0.444920 0.111230
7730 0.665955 0.409101 0.102275
7740 0.614157 0.426142 0.106535
7750 0.604700 0.439787 0.109947
7760 0.623748 0.428357 0.107089
7770 0.675493 0.388805 0.097201
7780 0.600306 0.443076 0.110769
7790 0.584355 0.469781 0.117445
7800 0.602681 0.427000 0.106750
7810 0.594938 0.438222 0.109556
7820 0.714422 0.373948 0.093487
7830 0.657472 0.414646 0.103661
7840 0.589913 0.444274 0.111068
7850 0.648797 0.434822 0.108705
7860 0.601829 0.438487 0.109622
7870 0.626486 0.427804 0.106951
7880 0.687181 0.390447 0.097612
7890 0.668748 0.413008 0.103252
7900 0.723699 0.401458 0.100365
7910 0.684712 0.400827 0.100207
7920 0.585062 0.476953 0.119238
7930 0.691959 0.391968 0.097992
7940 0.641672 0.414682 0.103671
7950 0.658092 0.408718 0.102179
7960 0.665823 0.401257 0.100314
7970 0.723100 0.375073 0.093768
7980 0.608041 0.446419 0.111605
7990 0.726221 0.381100 0.095275
8000 0.637837 0.425035 0.106259
8010 0.676311 0.401886 0.100472
8020 0.663371 0.410408 0.102602
8030 0.736415 0.363311 0.090828
8040 0.615907 0.435304 0.108826
8050 0.647970 0.418848 0.104712
8060 0.637102 0.425371 0.106343
8070 0.735231 0.380091 0.095023
8080 0.705144 0.405572 0.101393
8090 0.614900 0.445196 0.111299
8100 0.657257 0.417659 0.104415
8110 0.657097 0.416371 0.104093
8120 0.632665 0.443157 0.110789
8130 0.745228 0.366499 0.091625
8140 0.718359 0.381153 0.095288
8150 0.694802 0.403352 0.100838
8160 0.762141 0.360658 0.090164
8170 0.612017 0.457963 0.114491
8180 0.620590 0.448647 0.112162
8190 0.645992 0.449109 0.112277
8200 0.694240 0.404327 0.101082
8210 0.704075 0.412348 0.103087
8220 0.664220 0.418846 0.104712
8230 0.700869 0.401333 0.100333
8240 0.628730 0.451402 0.112851
8250 0.741919 0.387244 0.096811
8260 0.709765 0.408713 0.102178
8270 0.640759 0.472952 0.118238
8280 0.679874 0.412750 0.103188
8290 0.664124 0.434669 0.108667
8300 0.676319 0.424749 0.106187
8310 0.712474 0.398733 0.099683
8320 0.717651 0.398979 0.099745
8330 0.697354 0.399233 0.099808
8340 0.719944 0.400894 0.100223
8350 0.732706 0.387885 0.096971
8360 0.719357 0.395614 0.098904
8370 0.668126 0.432510 0.108127
8380 0.643806 0.450908 0.112727
8390 0.673280 0.428233 0.107058
8400 0.667688 0.428895 0.107224
8410 0.764104 0.389561 0.097390
8420 0.667189 0.431271 0.107818
8430 0.770638 0.377575 0.094394
8440 0.660149 0.439480 0.109870
8450 0.678353 0.420669 0.105167
8460 0.729590 0.399993 0.099998
8470 0.714742 0.413034 0.103259
8480 0.683612 0.461765 0.115441
8490 0.651490 0.454157 0.113539
8500 0.759044 0.385274 0.096319
8510 0.757848 0.389783 0.097446
8520 0.750642 0.396686 0.099171
8530 0.764119 0.381354 0.095339
8540 0.752639 0.378199 0.094550
8550 0.652579 0.447944 0.111986
8560 0.653527 0.461649 0.115412
8570 0.736885 0.409183 0.102296
8580 0.664051 0.450447 0.112612
8590 0.674696 0.437293 0.109323
8600 0.724163 0.410076 0.102519
8610 0.790250 0.376319 0.094080
8620 0.694530 0.443812 0.110953
8630 0.775747 0.378050 0.094512
8640 0.670067 0.442568 0.110642
8650 0.713554 0.413213 0.103303
8660 0.714027 0.414269 0.103567
8670 0.735481 0.416415 0.104104
8680 0.762899 0.367625 0.091906
8690 0.676671 0.436150 0.109037
8700 0.648656 0.465680 0.116420
8710 0.695576 0.420351 0.105088
8720 0.678749 0.439609 0.109902
8730 0.701968 0.442049 0.110512
8740 0.725185 0.406695 0.101674
8750 0.692359 0.436902 0.109225
8760 0.823809 0.368175 0.092044
8770 0.755339 0.395213 0.098803
8780 0.780074 0.386195 0.096549
8790 0.693444 0.439371 0.109843
8800 0.689389 0.429364 0.107341
8810 0.790964 0.381661 0.095415
8820 0.685671 0.434094 0.108524
8830 0.733875 0.404611 0.101153
8840 0.736343 0.405967 0.101492
8850 0.754263 0.398783 0.099696
8860 0.719124 0.416631 0.104158
8870 0.693123 0.433471 0.108368
8880 0.693790 0.433706 0.108427
8890 0.791889 0.398273 0.099568
8900 0.692922 0.425843 0.106461
8910 0.702807 0.422021 0.105505
8920 0.716017 0.428935 0.107234
8930 0.703835 0.433705 0.108426
8940 0.676070 0.451202 0.112800
8950 0.768941 0.393695 0.098424
8960 0.792201 0.383964 0.095991
8970 0.775644 0.393059 0.098265
8980 0.827849 0.363281 0.090820
8990 0.826950 0.362711 0.090678
9000 0.743192 0.424855 0.106214
9010 0.780313 0.403008 0.100752
9020 0.682074 0.446350 0.111588
9030 0.762768 0.400354 0.100088
9040 0.703538 0.445788 0.111447
9050 0.812690 0.386641 0.096660
9060 0.787989 0.407221 0.101805
9070 0.821418 0.370005 0.092501
9080 0.744963 0.408051 0.102013
9090 0.792937 0.406264 0.101566
9100 0.715403 0.435167 0.108792
9110 0.721627 0.422966 0.105742
9120 0.722212 0.419899 0.104975
9130 0.795008 0.387356 0.096839
9140 0.820756 0.375477 0.093869
9150 0.843191 0.365223 0.091306
9160 0.746583 0.411192 0.102798
9170 0.767878 0.407174 0.101794
9180 0.795272 0.384985 0.096246
9190 0.730056 0.449992 0.112498
9200 0.714769 0.434812 0.108703
9210 0.715323 0.433137 0.108284
9220 0.768535 0.414997 0.103749
9230 0.755810 0.421634 0.105408
9240 0.793892 0.393634 0.098409
9250 0.761817 0.424259 0.106065
9260 0.738576 0.432413 0.108103
9270 0.794173 0.398153 0.099538
9280 0.709455 0.454984 0.113746
9290 0.719072 0.439083 0.109771
9300 0.740206 0.425509 0.106377
9310 0.746100 0.443620 0.110905
9320 0.838535 0.386806 0.096701
9330 0.755855 0.410483 0.102621
9340 0.710775 0.441649 0.110412
9350 0.701651 0.445600 0.111400
9360 0.861336 0.367620 0.091905
9370 0.726481 0.441469 0.110367
9380 0.744215 0.441968 0.110492
9390 0.834327 0.384577 0.096144
9400 0.830024 0.385871 0.096468
9410 0.722538 0.436230 0.109058
9420 0.790652 0.418611 0.104653
9430 0.799184 0.401029 0.100257
9440 0.858201 0.373404 0.093351
9450 0.765935 0.430106 0.107526
9460 0.835804 0.401412 0.100353
9470 0.793943 0.409901 0.102475
9480 0.703445 0.488577 0.122144
9490 0.752893 0.432263 0.108066
9500 0.843958 0.385372 0.096343
9510 0.756568 0.424521 0.106130
9520 0.799408 0.415439 0.103860
9530 0.830243 0.394790 0.098698
9540 0.869176 0.370797 0.092699
9550 0.742206 0.439379 0.109845
9560 0.866699 0.379060 0.094765
9570 0.825290 0.400619 0.100155
9580 0.734938 0.442824 0.110706
9590 0.739773 0.441872 0.110468
9600 0.733552 0.447405 0.111851
9610 0.768176 0.452124 0.113031
9620 0.862392 0.399577 0.099894
9630 0.867656 0.374578 0.093645
9640 0.861619 0.374786 0.093697
9650 0.775209 0.429662 0.107416
9660 0.829028 0.391419 0.097855
9670 0.744447 0.441435 0.110359
9680 0.865365 0.392141 0.098035
9690 0.870649 0.371253 0.092813
9700 0.800829 0.413172 0.103293
9710 0.776189 0.429268 0.107317
9720 0.826157 0.407105 0.101776
9730 0.783101 0.411460 0.102865
9740 0.770034 0.453902 0.113476
9750 0.894185 0.383250 0.095812
9760 0.885906 0.374452 0.093613
9770 0.775703 0.439483 0.109871
9780 0.841612 0.404020 0.101005
9790 0.758076 0.442512 0.110628
9800 0.746344 0.453933 0.113483
9810 0.802043 0.414934 0.103734
9820 0.856005 0.396500 0.099125
9830 0.758739 0.443345 0.110836
9840 0.753336 0.443264 0.110816
9850 0.811846 0.421294 0.105324
9860 0.764599 0.438092 0.109523
9870 0.837231 0.412652 0.103163
9880 0.874931 0.384642 0.096160
9890 0.895683 0.367812 0.091953
9900 0.772291 0.440281 0.110070
9910 0.914892 0.368707 0.092177
9920 0.801354 0.423608 0.105902
9930 0.815491 0.425582 0.106395
9940 0.792730 0.432519 0.108130
9950 0.787284 0.431397 0.107849
9960 0.818560 0.407402 0.101851
9970 0.833027 0.408872 0.102218
9980 0.819122 0.418643 0.104661
9990 0.859610 0.388168 0.097042
