22 49 44 29 16 28 31 80 20 86 92 94 75 87 84 33 39 19 55 7 
7 16 19 20 22 28 29 31 33 39 44 49 55 75 80 84 86 87 92 94 

64 96 94 36 55 13 95 60 70 58 38 43 92 39 6 10 13 93 1 79 
1 6 10 13 13 36 38 39 43 55 58 60 64 70 79 92 93 94 95 96 

13 92 23 1 77 70 3 71 96 39 77 10 54 33 68 43 67 96 40 63 
1 3 10 13 23 33 39 40 43 54 63 67 68 70 71 77 77 92 96 96 

76 86 51 35 59 24 52 91 21 97 49 60 53 64 51 35 28 57 59 24 
21 24 24 28 35 35 49 51 51 52 53 57 59 59 60 64 76 86 91 97 

25 82 27 0 81 34 60 2 47 78 35 74 15 58 60 68 29 60 98 8 
0 2 8 15 25 27 29 34 35 47 58 60 60 60 68 74 78 81 82 98 

