1 1.559224 0.886291 0.886291 1.118142
2 0.816761 1.691959 0.845979 1.118142
3 1.001806 1.379435 0.459812 1.118142
4 0.736462 1.876439 0.469110 1.118142
5 0.722772 1.911981 0.382396 1.118142
6 0.720588 1.917775 0.319629 1.118142
7 0.716531 1.928634 0.275519 1.118142
8 0.712758 1.938843 0.242355 1.118142
9 0.706491 1.956042 0.217338 1.118142
10 0.714270 1.934739 0.193474 1.118142
11 0.706878 1.954971 0.177725 1.118142
12 0.714974 1.932834 0.161069 1.118142
13 0.706400 1.956294 0.150484 1.118142
14 0.716591 1.928472 0.137748 1.118142
15 0.710307 1.945533 0.129702 1.118142
16 0.713922 1.935682 0.120980 1.118142
