10 0.000150 0.886667 0.886667
60 0.000614 1.004886 1.004886
110 0.001315 0.930798 0.930798
160 0.002612 0.998851 0.998851
210 0.006493 0.925920 0.925920
260 0.010352 1.143934 1.143934
310 0.022183 0.940495 0.940495
360 0.046711 0.798099 0.798099
410 0.027067 2.160934 2.160934
460 0.022392 0.768265 0.768265
510 0.020321 1.253383 1.253383
560 0.024193 0.749349 0.749349
610 0.061050 0.822948 0.822948
660 0.050448 1.087714 1.087714
710 0.032864 1.093689 1.093689
760 0.007810 1.103457 1.103457
810 0.027304 1.114306 1.114306
860 0.033660 1.021390 1.021390
910 0.020232 0.949189 0.949189
960 0.013235 1.021987 1.021987
1010 0.011233 1.008635 1.008635
1060 0.041550 1.159061 1.159061
1110 0.038617 1.096253 1.096253
1160 0.034898 0.903376 0.903376
1210 0.020589 1.026179 1.026179
1260 0.041607 0.904848 0.904848
1310 0.038472 0.973825 0.973825
1360 0.015885 1.027825 1.027825
1410 0.079561 1.049886 1.049886
1460 0.073856 0.977740 0.977740
1510 0.079530 1.008525 1.008525
1560 0.062657 0.952711 0.952711
1610 0.035141 1.034803 1.034803
1660 0.025537 1.021616 1.021616
1710 0.043437 1.039598 1.039598
1760 0.032279 0.539112 0.539112
1810 0.075646 0.960593 0.960593
1860 0.061443 1.046498 1.046498
1910 0.047475 1.133670 1.133670
1960 0.032051 0.947989 0.947989
2010 0.089922 1.048309 1.048309
2060 0.125883 0.727882 0.727882
2110 0.052692 1.192970 1.192970
2160 0.025087 0.952485 0.952485
2210 0.059164 1.585221 1.585221
2260 0.029979 0.997798 0.997798
2310 0.067259 1.006423 1.006423
2360 0.045700 1.089891 1.089891
2410 0.034514 1.015153 1.015153
2460 0.046063 0.980418 0.980418
2510 0.026261 1.044477 1.044477
2560 0.034662 0.986873 0.986873
2610 0.021738 0.985877 0.985877
2660 0.076232 0.980494 0.980494
2710 0.047144 0.985470 0.985470
2760 0.042739 0.974028 0.974028
2810 0.071514 0.998014 0.998014
2860 0.039659 1.019769 1.019769
2910 0.070814 0.890897 0.890897
2960 0.063530 1.081096 1.081096
3010 0.150855 1.032236 1.032236
3060 0.067047 0.974779 0.974779
3110 0.043143 1.018149 1.018149
3160 0.038501 0.994234 0.994234
3210 0.057749 0.956328 0.956328
3260 0.126773 1.009363 1.009363
3310 0.072818 1.032986 1.032986
3360 0.062362 0.956287 0.956287
3410 0.057659 1.001041 1.001041
3460 0.086077 0.933571 0.933571
3510 0.091793 0.760461 0.760461
3560 0.075862 1.021328 1.021328
3610 0.076329 1.069777 1.069777
3660 0.223192 0.982414 0.982414
3710 0.144492 1.012582 1.012582
3760 0.136636 1.040780 1.040780
3810 0.041233 1.000776 1.000776
3860 0.103144 1.063290 1.063290
3910 0.072978 0.937337 0.937337
3960 0.201118 1.037361 1.037361
4010 0.085452 1.002703 1.002703
4060 0.145890 1.018308 1.018308
4110 0.052038 1.004439 1.004439
4160 0.040282 1.041036 1.041036
4210 0.184988 1.061642 1.061642
4260 0.090104 0.963109 0.963109
4310 0.256167 1.092350 1.092350
4360 0.124099 1.029493 1.029493
4410 0.068679 1.037697 1.037697
4460 0.148027 1.023334 1.023334
4510 0.102521 1.158094 1.158094
4560 0.375872 0.990361 0.990361
4610 0.215214 1.004586 1.004586
4660 0.254781 0.971042 0.971042
4710 0.114830 0.916041 0.916041
4760 0.089179 1.105597 1.105597
4810 0.111265 0.946012 0.946012
4860 0.096683 0.976273 0.976273
4910 0.173408 1.011118 1.011118
4960 0.158791 0.887531 0.887531
5010 0.097784 1.012517 1.012517
5060 0.158964 0.931764 0.931764
5110 0.127419 1.014472 1.014472
5160 0.069356 1.014505 1.014505
5210 0.094952 0.951028 0.951028
5260 0.198185 0.969725 0.969725
5310 0.131546 1.006636 1.006636
5360 0.140044 0.920368 0.920368
5410 0.116941 1.001779 1.001779
5460 0.110171 0.960362 0.960362
5510 0.121953 0.946570 0.946570
5560 0.130576 0.979721 0.979721
5610 0.128354 1.012660 1.012660
5660 0.408887 1.028005 1.028005
5710 0.213344 0.921287 0.921287
5760 0.123096 0.917040 0.917040
5810 0.168584 0.961141 0.961141
5860 0.143857 0.993667 0.993667
5910 0.122571 0.975720 0.975720
5960 0.306089 0.999516 0.999516
6010 0.088981 1.061485 1.061485
6060 0.168298 0.920243 0.920243
6110 0.137934 1.048552 1.048552
6160 0.088291 1.020987 1.020987
6210 0.079592 1.018256 1.018256
6260 0.088381 0.999084 0.999084
6310 0.148446 0.936388 0.936388
6360 0.112608 1.079426 1.079426
6410 0.187597 1.069889 1.069889
6460 0.131924 0.982338 0.982338
6510 0.204974 0.990462 0.990462
6560 0.117660 1.064958 1.064958
6610 0.135111 0.994123 0.994123
6660 0.135621 1.025026 1.025026
6710 0.122946 1.022302 1.022302
6760 0.111393 0.992791 0.992791
6810 0.089143 1.036772 1.036772
6860 0.163460 1.018843 1.018843
6910 0.114015 0.982020 0.982020
6960 0.160774 1.033426 1.033426
7010 0.139194 1.074587 1.074587
7060 0.183311 1.020337 1.020337
7110 0.112229 1.044106 1.044106
7160 0.118788 0.916801 0.916801
7210 0.231893 1.030626 1.030626
7260 0.166677 1.012647 1.012647
7310 0.140527 1.014865 1.014865
7360 0.138575 0.939520 0.939520
7410 0.137409 0.962179 0.962179
7460 0.155480 0.957429 0.957429
7510 0.214340 0.980652 0.980652
7560 0.240853 0.977468 0.977468
7610 0.182144 0.983250 0.983250
7660 0.235996 1.032577 1.032577
7710 0.197010 1.033019 1.033019
7760 0.289713 1.084639 1.084639
7810 0.106226 0.988251 0.988251
7860 0.188062 1.008396 1.008396
7910 0.308910 1.019776 1.019776
7960 0.451821 0.996313 0.996313
8010 0.259130 0.950176 0.950176
8060 0.261779 0.978661 0.978661
8110 0.167136 0.964693 0.964693
8160 0.121118 1.053625 1.053625
8210 0.341939 1.008490 1.008490
8260 0.210617 1.041098 1.041098
8310 0.212617 0.916446 0.916446
8360 0.256282 1.003719 1.003719
8410 0.175184 1.039153 1.039153
8460 0.185114 1.006234 1.006234
8510 0.192715 0.988304 0.988304
8560 0.118576 0.936033 0.936033
8610 0.380752 1.040402 1.040402
8660 0.382763 1.085442 1.085442
8710 0.299050 0.910617 0.910617
8760 0.259235 0.880012 0.880012
8810 0.491622 1.052719 1.052719
8860 0.231689 1.039113 1.039113
8910 0.302637 0.935371 0.935371
8960 0.277098 1.047102 1.047102
9010 0.249303 1.079903 1.079903
9060 0.293875 0.984095 0.984095
9110 0.292745 0.970192 0.970192
9160 0.290103 1.108851 1.108851
9210 0.255847 1.153670 1.153670
9260 0.288810 1.031765 1.031765
9310 0.258063 0.876170 0.876170
9360 0.173046 1.031755 1.031755
9410 0.237477 1.269239 1.269239
9460 0.234482 1.071221 1.071221
9510 0.129155 1.058039 1.058039
9560 0.284546 1.023536 1.023536
9610 0.137832 1.082521 1.082521
9660 0.110900 1.008656 1.008656
9710 0.268738 0.963905 0.963905
9760 0.220246 1.072029 1.072029
9810 0.394577 1.035641 1.035641
9860 0.301147 1.027030 1.027030
9910 0.142138 1.224366 1.224366
9960 0.330719 1.006380 1.006380
