10 0.000646 0.368421 0.023026
60 0.000712 1.799157 0.112447
110 0.000953 2.179433 0.136215
160 0.000722 1.682825 0.105177
210 0.001509 2.164347 0.135272
260 0.004822 1.872045 0.117003
310 0.010096 2.417987 0.151124
360 0.010155 2.385721 0.149108
410 0.021585 1.627473 0.101717
460 0.006665 2.318980 0.144936
510 0.005305 2.611122 0.163195
560 0.011009 1.195204 0.074700
610 0.006996 1.807318 0.112957
660 0.008072 2.095887 0.130993
710 0.012843 1.928366 0.120523
760 0.009044 2.929677 0.183105
810 0.005545 2.003427 0.125214
860 0.005055 0.579031 0.036189
910 0.011017 2.942906 0.183932
960 0.013400 1.164254 0.072766
1010 0.010069 2.695799 0.168487
1060 0.017416 1.842042 0.115128
1110 0.005973 1.846141 0.115384
1160 0.007123 2.267865 0.141742
1210 0.040681 2.707308 0.169207
1260 0.024761 2.808449 0.175528
1310 0.027589 2.713255 0.169578
1360 0.021338 2.837942 0.177371
1410 0.019208 2.566899 0.160431
1460 0.013674 3.068085 0.191755
1510 0.016334 2.858761 0.178673
1560 0.010192 2.250687 0.140668
1610 0.008180 1.543154 0.096447
1660 0.010213 1.809165 0.113073
1710 0.015932 2.580530 0.161283
1760 0.019573 2.566648 0.160415
1810 0.011303 2.439972 0.152498
1860 0.014005 2.210425 0.138152
1910 0.023521 2.590919 0.161932
1960 0.025358 2.569879 0.160617
2010 0.014284 1.532414 0.095776
2060 0.026172 1.606220 0.100389
2110 0.031295 2.380700 0.148794
2160 0.014996 1.887503 0.117969
2210 0.016392 2.040935 0.127558
2260 0.021774 1.995729 0.124733
2310 0.017381 1.780968 0.111310
2360 0.021208 2.555545 0.159722
2410 0.022929 2.413363 0.150835
2460 0.058501 1.164493 0.072781
2510 0.042408 2.356277 0.147267
2560 0.038041 2.102100 0.131381
2610 0.035215 2.023342 0.126459
2660 0.020184 2.492469 0.155779
2710 0.017647 2.150564 0.134410
2760 0.026425 2.637616 0.164851
2810 0.052741 2.444152 0.152759
2860 0.031551 3.033977 0.189624
2910 0.016924 2.170882 0.135680
2960 0.090107 2.431498 0.151969
3010 0.098854 2.776226 0.173514
3060 0.093420 1.356840 0.084803
3110 0.058331 1.523118 0.095195
3160 0.042023 2.283440 0.142715
3210 0.041306 2.829105 0.176819
3260 0.024317 1.893984 0.118374
3310 0.035890 1.892477 0.118280
3360 0.052811 3.252258 0.203266
3410 0.041248 2.437694 0.152356
3460 0.041855 2.393669 0.149604
3510 0.054082 2.909637 0.181852
3560 0.041650 2.578439 0.161152
3610 0.048771 2.230629 0.139414
3660 0.033351 2.055561 0.128473
3710 0.032853 1.953490 0.122093
3760 0.027440 1.909293 0.119331
3810 0.030116 2.147463 0.134216
3860 0.021783 1.592985 0.099562
3910 0.052518 2.956358 0.184772
3960 0.053201 2.027462 0.126716
4010 0.062099 1.867421 0.116714
4060 0.040215 2.301032 0.143814
4110 0.029355 1.985965 0.124123
4160 0.045043 2.532536 0.158283
4210 0.037718 2.336974 0.146061
4260 0.071013 2.569248 0.160578
4310 0.061115 2.497374 0.156086
4360 0.046630 2.587948 0.161747
4410 0.039310 2.198474 0.137405
4460 0.031472 2.451640 0.153227
4510 0.031168 1.501123 0.093820
4560 0.068572 2.603235 0.162702
4610 0.066974 2.364335 0.147771
4660 0.052694 2.862413 0.178901
4710 0.034273 2.276252 0.142266
4760 0.027726 1.981425 0.123839
4810 0.058056 2.887333 0.180458
4860 0.030275 2.174104 0.135882
4910 0.058051 2.684915 0.167807
4960 0.061124 2.535027 0.158439
5010 0.033399 1.704602 0.106538
5060 0.029572 1.790579 0.111911
5110 0.086546 2.593904 0.162119
5160 0.105192 2.188836 0.136802
5210 0.103570 2.472849 0.154553
5260 0.071758 2.393266 0.149579
5310 0.051862 1.821025 0.113814
5360 0.056649 2.714964 0.169685
5410 0.067185 2.427640 0.151728
5460 0.057294 1.684417 0.105276
5510 0.035535 2.807851 0.175491
5560 0.061068 2.274481 0.142155
5610 0.036600 1.952295 0.122018
5660 0.057064 2.375456 0.148466
5710 0.092139 3.138400 0.196150
5760 0.059378 2.544495 0.159031
5810 0.064457 1.849450 0.115591
5860 0.070351 2.572941 0.160809
5910 0.048828 2.213894 0.138368
5960 0.090262 2.281049 0.142566
6010 0.061049 2.292437 0.143277
6060 0.081901 2.779026 0.173689
6110 0.063864 2.417857 0.151116
6160 0.079389 1.738856 0.108678
6210 0.108234 2.661262 0.166329
6260 0.115072 2.590535 0.161908
6310 0.155571 3.103290 0.193956
6360 0.071539 2.112708 0.132044
6410 0.088648 2.631464 0.164466
6460 0.187601 2.821856 0.176366
6510 0.083285 2.519361 0.157460
6560 0.078288 2.625920 0.164120
6610 0.053265 2.102769 0.131423
6660 0.041876 2.277032 0.142315
6710 0.047313 2.272483 0.142030
6760 0.092194 2.697659 0.168604
6810 0.091960 2.403371 0.150211
6860 0.086092 2.508990 0.156812
6910 0.081366 2.400474 0.150030
6960 0.070331 2.278540 0.142409
7010 0.071149 2.652307 0.165769
7060 0.079605 2.720018 0.170001
7110 0.066077 2.457981 0.153624
7160 0.071700 2.660474 0.166280
7210 0.078198 2.592803 0.162050
7260 0.067462 2.405295 0.150331
7310 0.153359 2.979277 0.186205
7360 0.106224 2.968623 0.185539
7410 0.056861 1.969575 0.123098
7460 0.085800 2.544371 0.159023
7510 0.138296 2.319236 0.144952
7560 0.202089 1.318196 0.082387
7610 0.076786 2.957636 0.184852
7660 0.189664 1.390601 0.086913
7710 0.156499 1.813718 0.113357
7760 0.114966 2.316207 0.144763
7810 0.119271 2.582447 0.161403
7860 0.131642 2.522159 0.157635
7910 0.080927 2.267364 0.141710
7960 0.076394 2.453308 0.153332
8010 0.088026 2.063470 0.128967
8060 0.057585 2.110202 0.131888
8110 0.086447 2.484412 0.155276
8160 0.130702 2.650044 0.165628
8210 0.098688 2.762018 0.172626
8260 0.050718 1.960783 0.122549
8310 0.120874 2.828714 0.176795
8360 0.122414 2.617160 0.163572
8410 0.118998 2.523841 0.157740
8460 0.081673 2.389296 0.149331
8510 0.063666 2.054095 0.128381
8560 0.118415 2.164422 0.135276
8610 0.114207 2.365976 0.147873
8660 0.111181 2.086031 0.130377
8710 0.076170 2.364395 0.147775
8760 0.094689 2.129973 0.133123
8810 0.160888 1.967922 0.122995
8860 0.085341 2.037848 0.127366
8910 0.083231 2.252154 0.140760
8960 0.082597 3.009117 0.188070
9010 0.128628 2.342282 0.146393
9060 0.206885 2.169993 0.135625
9110 0.188915 2.346595 0.146662
9160 0.075821 2.049604 0.128100
9210 0.115025 1.938483 0.121155
9260 0.145274 2.416138 0.151009
9310 0.112830 2.505468 0.156592
9360 0.159936 2.244885 0.140305
9410 0.216074 2.298546 0.143659
9460 0.107041 2.034949 0.127184
9510 0.077116 1.746849 0.109178
9560 0.073606 2.278646 0.142415
9610 0.083196 2.207029 0.137939
9660 0.131585 2.464361 0.154023
9710 0.114989 1.381932 0.086371
9760 0.180713 3.394886 0.212180
9810 0.091888 2.285576 0.142848
9860 0.114125 1.911133 0.119446
9910 0.129975 2.519438 0.157465
9960 0.107182 2.192206 0.137013
