10 0.009680 0.881508 0.440754
110 0.108197 1.777646 0.888823
210 0.139923 1.505764 0.752882
310 0.208835 1.363972 0.681986
410 0.338717 1.108929 0.554464
510 0.372966 1.191701 0.595851
610 0.530419 1.079245 0.539622
710 0.505619 1.308276 0.654138
810 0.559440 1.475231 0.737615
910 1.111810 0.706818 0.353409
1010 0.701616 1.328373 0.664187
1110 0.815774 1.355595 0.677797
1210 0.802910 1.408566 0.704283
1310 0.915460 1.315347 0.657674
1410 0.948096 1.408747 0.704373
1510 1.149010 1.259355 0.629677
1610 1.289904 1.115658 0.557829
1710 1.140974 1.412973 0.706486
1810 1.294844 1.255557 0.627779
1910 1.920778 0.927516 0.463758
2010 1.366238 1.466728 0.733364
2110 1.501507 1.338362 0.669181
2210 1.544828 1.317812 0.658906
2310 1.566182 1.374241 0.687120
2410 1.726303 1.282705 0.641352
2510 1.643733 1.486974 0.743487
2610 1.915448 1.251894 0.625947
2710 2.064583 1.271282 0.635641
2810 2.050844 1.312327 0.656163
2910 2.225470 1.242745 0.621373
3010 2.266672 1.328053 0.664027
3110 2.259365 1.248884 0.624442
3210 2.282453 1.340695 0.670348
3310 2.281811 1.375606 0.687803
3410 2.383892 1.260558 0.630279
3510 2.504537 1.260379 0.630190
3610 2.656714 1.286781 0.643391
3710 2.616990 1.354511 0.677256
3810 2.611301 1.437492 0.718746
3910 2.855729 1.322211 0.661106
4010 2.802610 1.376697 0.688349
4110 3.300935 1.196030 0.598015
4210 3.255902 1.210610 0.605305
4310 3.223851 1.202237 0.601118
4410 3.016700 1.308408 0.654204
4510 3.269994 1.341530 0.670765
4610 3.251061 1.297077 0.648538
4710 3.332746 1.315796 0.657898
4810 3.326290 1.395693 0.697846
4910 3.367200 1.366816 0.683408
5010 3.488025 1.324794 0.662397
5110 3.475526 1.376695 0.688347
5210 3.662613 1.299528 0.649764
5310 3.718012 1.350553 0.675277
5410 3.967905 1.264673 0.632337
5510 3.985598 1.304054 0.652027
5610 3.914989 1.301258 0.650629
5710 3.986625 1.400836 0.700418
5810 4.006850 1.295292 0.647646
5910 4.165829 1.313954 0.656977
6010 4.236238 1.290101 0.645051
6110 4.275629 1.337827 0.668914
6210 4.226687 1.337667 0.668834
6310 4.513803 1.286906 0.643453
6410 4.616979 1.334209 0.667104
6510 4.542988 1.318313 0.659156
6610 4.624562 1.315410 0.657705
6710 4.910579 1.255622 0.627811
6810 4.921688 1.286133 0.643067
6910 4.999101 1.378435 0.689218
7010 5.171730 1.274974 0.637487
7110 4.852419 1.415548 0.707774
7210 5.043008 1.370311 0.685155
7310 5.578690 1.269380 0.634690
7410 5.401818 1.374067 0.687033
7510 5.279958 1.328900 0.664450
7610 5.399783 1.248645 0.624322
7710 5.652219 1.268161 0.634080
7810 5.684066 1.283647 0.641824
7910 5.456033 1.325231 0.662616
8010 5.538704 1.362305 0.681152
8110 6.008205 1.270674 0.635337
8210 5.760102 1.354631 0.677315
8310 5.593540 1.390785 0.695392
8410 5.761784 1.298063 0.649031
8510 6.253608 1.271990 0.635995
8610 5.906951 1.386277 0.693139
8710 6.155013 1.308788 0.654394
8810 6.052718 1.359509 0.679755
8910 6.205574 1.344987 0.672493
9010 6.072658 1.291780 0.645890
9110 6.293458 1.229166 0.614583
9210 6.065355 1.315131 0.657566
9310 6.245712 1.292283 0.646141
9410 6.354949 1.269369 0.634685
9510 6.496721 1.261826 0.630913
9610 6.571264 1.251795 0.625897
9710 6.538120 1.275485 0.637742
9810 6.629876 1.267974 0.633987
9910 6.674957 1.276153 0.638076
