10 0.007702 1.296676 0.324169
110 0.082488 3.106852 0.776713
210 0.147135 1.452639 0.363160
310 0.176555 1.705378 0.426344
410 0.244189 1.719623 0.429906
510 0.297253 2.043266 0.510817
610 0.327015 1.781096 0.445274
710 0.393493 1.662957 0.415739
810 0.685648 1.121605 0.280401
910 0.506738 1.765234 0.441308
1010 0.561109 1.808435 0.452109
1110 0.616604 1.634941 0.408735
1210 0.686544 1.573280 0.393320
1310 0.746921 1.586249 0.396562
1410 0.682829 1.872522 0.468130
1510 0.838816 1.597380 0.399345
1610 0.950013 1.507819 0.376955
1710 0.910011 1.730041 0.432510
1810 0.968925 1.688666 0.422167
1910 1.173543 1.557199 0.389300
2010 1.164732 1.807250 0.451813
2110 1.315963 1.606796 0.401699
2210 1.148689 1.778083 0.444521
2310 1.250055 1.644284 0.411071
2410 1.323789 1.616814 0.404203
2510 1.421118 1.551082 0.387770
2610 1.402341 1.662095 0.415524
2710 1.407514 1.732568 0.433142
2810 1.487651 1.663842 0.415960
2910 1.568294 1.660233 0.415058
3010 1.628911 1.576674 0.394169
3110 1.598998 1.730992 0.432748
3210 1.762624 1.657974 0.414494
3310 1.817310 1.608689 0.402172
3410 1.807591 1.806814 0.451703
3510 1.918698 1.612592 0.403148
3610 1.943113 1.639633 0.409908
3710 2.031121 1.591554 0.397888
3810 2.069480 1.646000 0.411500
3910 2.149815 1.584309 0.396077
4010 2.254934 1.552630 0.388157
4110 2.311802 1.546547 0.386637
4210 2.322425 1.581377 0.395344
4310 2.456176 1.554068 0.388517
4410 2.427645 1.549487 0.387372
4510 2.362715 1.669591 0.417398
4610 2.411290 1.687535 0.421884
4710 2.472433 1.716316 0.429079
4810 2.706607 1.543756 0.385939
4910 2.866743 1.468495 0.367124
5010 2.832431 1.639865 0.409966
5110 2.892080 1.554155 0.388539
5210 2.875976 1.585137 0.396284
5310 2.976265 1.563774 0.390944
5410 2.926311 1.639764 0.409941
5510 2.971815 1.641091 0.410273
5610 2.958947 1.631807 0.407952
5710 3.193222 1.531015 0.382754
5810 3.165387 1.640175 0.410044
5910 3.251933 1.572490 0.393122
6010 3.168223 1.662025 0.415506
6110 3.335167 1.597451 0.399363
6210 3.252138 1.647125 0.411781
6310 3.380031 1.662071 0.415518
6410 3.354983 1.644896 0.411224
6510 3.641486 1.572710 0.393177
6610 3.640921 1.594004 0.398501
6710 3.703091 1.573830 0.393458
6810 3.655076 1.618601 0.404650
6910 3.741607 1.611883 0.402971
7010 3.772346 1.602257 0.400564
7110 3.869625 1.581463 0.395366
7210 3.804656 1.657275 0.414319
7310 3.992570 1.576898 0.394225
7410 4.082235 1.581846 0.395461
7510 4.323961 1.488462 0.372116
7610 4.171044 1.578424 0.394606
7710 4.278454 1.554281 0.388570
7810 4.092151 1.673670 0.418417
7910 4.442441 1.536941 0.384235
8010 4.248799 1.646365 0.411591
8110 4.196833 1.677098 0.419274
8210 4.439328 1.591947 0.397987
8310 4.492612 1.579274 0.394818
8410 4.436887 1.633364 0.408341
8510 4.589909 1.611871 0.402968
8610 4.660745 1.594404 0.398601
8710 4.686710 1.602566 0.400641
8810 4.638916 1.650852 0.412713
8910 4.784110 1.615778 0.403944
9010 4.783318 1.638189 0.409547
9110 4.841272 1.649454 0.412363
9210 4.906514 1.614296 0.403574
9310 5.126397 1.568736 0.392184
9410 5.150486 1.613251 0.403313
9510 4.836115 1.722780 0.430695
9610 5.222072 1.599187 0.399797
9710 5.457729 1.538298 0.384574
9810 5.125167 1.654947 0.413737
9910 5.319979 1.643344 0.410836
