10 0.014040 0.654843 0.081855
110 0.102556 1.718300 0.214788
210 0.138260 1.612643 0.201580
310 0.170797 1.712161 0.214020
410 0.218852 1.696023 0.212003
510 0.251165 2.013429 0.251679
610 0.342205 1.725334 0.215667
710 0.439738 1.433381 0.179173
810 0.549534 1.398838 0.174855
910 0.567478 1.492449 0.186556
1010 0.641266 1.607715 0.200964
1110 0.714317 1.586166 0.198271
1210 0.598017 2.020212 0.252526
1310 0.691270 1.785735 0.223217
1410 0.634017 2.088799 0.261100
1510 0.869523 1.673891 0.209236
1610 0.795933 1.955413 0.244427
1710 0.968890 1.682467 0.210308
1810 0.796981 2.169290 0.271161
1910 1.117528 1.638613 0.204827
2010 1.084290 1.853033 0.231629
2110 1.093726 1.903549 0.237944
2210 1.026163 2.044662 0.255583
2310 1.191759 1.798343 0.224793
2410 1.296246 1.733877 0.216735
2510 1.401084 1.749989 0.218749
2610 1.354763 1.935044 0.241880
2710 1.567298 1.553022 0.194128
2810 1.370423 1.977722 0.247215
2910 1.529257 1.736563 0.217070
3010 1.354333 2.006437 0.250805
3110 1.657542 1.686632 0.210829
3210 1.558178 1.967705 0.245963
3310 1.718215 1.741983 0.217748
3410 1.687012 1.770485 0.221311
3510 1.677674 1.894590 0.236824
3610 1.999758 1.650617 0.206327
3710 1.828061 1.792356 0.224044
3810 1.997655 1.699047 0.212381
3910 1.875064 1.879203 0.234900
4010 2.030882 1.759538 0.219942
4110 2.177566 1.670764 0.208846
4210 2.219873 1.652666 0.206583
4310 2.058871 1.828185 0.228523
4410 2.227377 1.780599 0.222575
4510 2.184491 1.899782 0.237473
4610 2.537732 1.651464 0.206433
4710 2.164618 1.945861 0.243233
4810 2.801164 1.551765 0.193971
4910 2.435634 1.795664 0.224458
5010 2.626219 1.711340 0.213917
5110 2.719984 1.708832 0.213604
5210 2.820013 1.656945 0.207118
5310 2.839014 1.729318 0.216165
5410 2.721459 1.831180 0.228897
5510 3.001221 1.682472 0.210309
5610 3.176133 1.632540 0.204068
5710 2.974287 1.757559 0.219695
5810 3.055101 1.743985 0.217998
5910 3.084797 1.758461 0.219808
6010 3.344796 1.606816 0.200852
6110 3.339488 1.688848 0.211106
6210 3.353235 1.706539 0.213317
6310 3.528742 1.641192 0.205149
6410 3.314545 1.771620 0.221453
6510 3.733345 1.634050 0.204256
6610 3.668898 1.770948 0.221368
6710 3.698794 1.750098 0.218762
6810 3.669421 1.672276 0.209034
6910 3.648225 1.744536 0.218067
7010 3.768328 1.743517 0.217940
7110 3.861050 1.703583 0.212948
7210 3.914998 1.665763 0.208220
7310 3.764025 1.782540 0.222817
7410 3.726163 1.790344 0.223793
7510 4.208845 1.642214 0.205277
7610 3.776106 1.822527 0.227816
7710 4.631846 1.506984 0.188373
7810 4.177576 1.738813 0.217352
7910 4.014258 1.724601 0.215575
8010 4.171452 1.688424 0.211053
8110 4.450862 1.611787 0.201473
8210 4.204103 1.710747 0.213843
8310 4.217794 1.738126 0.217266
8410 4.070783 1.794812 0.224352
8510 4.156245 1.809039 0.226130
8610 4.472072 1.701570 0.212696
8710 4.803537 1.605336 0.200667
8810 4.738183 1.618370 0.202296
8910 4.555005 1.701175 0.212647
9010 4.708892 1.695867 0.211983
9110 4.883826 1.628596 0.203574
9210 4.846027 1.686466 0.210808
9310 4.745750 1.736963 0.217120
9410 5.023857 1.655920 0.206990
9510 4.934293 1.698037 0.212255
9610 5.398063 1.570171 0.196271
9710 4.871484 1.733107 0.216638
9810 5.186451 1.725019 0.215627
9910 5.422345 1.712008 0.214001
