11 69 45 46 80 15 0 26 80 93 84 51 18 53 53 43 54 40 49 85 60 47 54 43 7 66 76 96 99 31 84 48 55 44 24 34 21 39 85 71 64 89 44 82 68 69 53 28 30 35
0 7 11 15 18 21 24 26 28 30 31 34 35 39 40 43 43 44 44 45 46 47 48 49 51 53 53 53 54 54 55 60 64 66 68 69 69 71 76 80 80 82 84 84 85 85 89 93 96 99

67 14 47 69 85 97 52 15 82 89 63 36 25 42 2 79 35 72 28 34 43 17 38 23 58 42 68 38 86 29 31 74 57 80 69 57 18 49 41 98 6 89 6 88 13 82 42 27 41 3
2 3 6 6 13 14 15 17 18 23 25 27 28 29 31 34 35 36 38 38 41 41 42 42 42 43 47 49 52 57 57 58 63 67 68 69 69 72 74 79 80 82 82 85 86 88 89 89 97 98

30 61 75 3 67 51 1 35 7 94 82 33 77 20 85 71 96 33 47 42 82 56 37 60 69 4 12 5 42 62 28 79 71 36 30 13 47 8 29 46 15 14 61 83 96 87 12 70 93 28
1 3 4 5 7 8 12 12 13 14 15 20 28 28 29 30 30 33 33 35 36 37 42 42 46 47 47 51 56 60 61 61 62 67 69 70 71 71 75 77 79 82 82 83 85 87 93 94 96 96

7 53 2 59 15 49 85 17 31 76 34 66 66 82 95 22 64 52 52 27 80 86 54 17 6 85 54 87 30 71 25 89 62 73 64 35 87 24 81 89 11 36 8 56 2 35 91 48 86 67
2 2 6 7 8 11 15 17 17 22 24 25 27 30 31 34 35 35 36 48 49 52 52 53 54 54 56 59 62 64 64 66 66 67 71 73 76 80 81 82 85 85 86 86 87 87 89 89 91 95

70 47 30 93 50 3 34 37 56 81 6 16 65 13 78 61 25 13 71 88 19 25 0 7 70 47 98 7 86 4 75 94 76 29 25 91 16 83 69 90 20 61 16 98 85 93 8 91 91 92
0 3 4 6 7 7 8 13 13 16 16 16 19 20 25 25 25 29 30 34 37 47 47 50 56 61 61 65 69 70 70 71 75 76 78 81 83 85 86 88 90 91 91 91 92 93 93 94 98 98
