1 0.537994 2.813530 2.813530 1.130943
2 0.276714 5.470132 2.735066 1.130943
3 0.277866 5.447453 1.815818 1.130943
4 0.277002 5.464444 1.366111 1.130943
5 0.273925 5.525826 1.105165 1.130943
6 0.265846 5.693755 0.948959 1.130943
7 0.274682 5.510598 0.787228 1.130943
8 0.282807 5.352279 0.669035 1.130943
9 0.278678 5.431581 0.603509 1.130943
10 0.268773 5.631749 0.563175 1.130943
11 0.278096 5.442948 0.494813 1.130943
12 0.282376 5.360448 0.446704 1.130943
13 0.277064 5.463221 0.420248 1.130943
14 0.281191 5.383039 0.384503 1.130943
15 0.276035 5.483587 0.365572 1.130943
16 0.275454 5.495153 0.343447 1.130943
